ID	chrom	loc.start	loc.end	num.mark	seg.mean	seg.med	probes.Sd	estimCopy
T00735	1	888659	249198692	55753	-0.059	-0.0683	1.00636357799422	2
T00735	2	15703	242775910	61869	-0.0664	-0.0683	0.998252815446042	2
T00735	3	62614	197851260	51885	0.3056	0.3056	0.936326757390802	3
T00735	4	68911	190921709	49201	-0.0954	-0.0683	0.97717148000535	2
T00735	5	113577	180692321	46160	0.6441	0.6318	0.914485565529782	3
T00735	6	184719	170908114	51732	0.2895	0.3056	0.937454015283342	3
T00735	7	44167	159119220	46000	0.2968	0.3056	0.952717904812267	3
T00735	8	168484	146292734	38677	-0.0875	-0.0683	1.00448174574914	2
T00735	9	208549	141011581	30528	0.6195	0.6318	0.935891760384337	3
T00735	10	104427	135426536	35232	-0.0699	-0.0683	1.01167115409063	2
T00735	11	230751	134938470	38224	0.376	0.3056	0.943585732240688	3
T00735	12	180185	133777562	33063	-0.0628	-0.0683	1.01971452670501	2
T00735	13	19450806	115095705	27680	-0.1013	-0.0683	0.988683486359288	2
T00735	14	20511673	107285437	26698	-0.0743	-0.0683	1.00900308869503	2
T00735	15	22809980	102429049	24826	0.3107	0.3056	0.932303652497873	3
T00735	16	89561	90146366	20654	-0.0812	-0.0683	1.01457240348202	2
T00735	17	18901	81041938	17262	0.2979	0.3056	0.982599861403477	3
T00735	18	136305	78010194	20574	-0.0526	-0.0683	1.0110491140125	2
T00735	19	260912	58956888	10268	0.3446	0.3056	1.01208423277033	3
T00735	20	61795	62912463	16018	-0.0647	-0.0683	1.01476924422925	2
T00735	21	15129378	48084820	10341	-0.063	-0.0683	1.00909139537945	2
T00735	22	16888900	51177928	8585	-0.0683	-0.0683	1.04365889136079	2
T00735	23	169805	8393904	2004	-1.5164	-1.49403291435359	1.6958647337233	1
T00735	23	8402827	155233098	20069	-2.2454	-2.27200041092925	1.40466637323961	1
