ID	chrom	loc.start	loc.end	num.mark	seg.mean	seg.med	probes.Sd	estimCopy
T02489	1	888659	249198692	55753	-0.0127	-0.0543	0.653735297879521	2
T02489	2	15703	242775910	61869	1.0509	1.0484	0.692954415847472	4
T02489	3	62614	86868408	24959	-0.0998	-0.0543	0.707721673618505	2
T02489	3	86868436	99025760	2074	0.6534	0.663940427966931	0.89205634134466	3
T02489	3	99026831	197851260	24852	1.0484	1.0484	0.688304236463587	4
T02489	4	68911	190921709	49201	-0.0654	-0.0543	0.688131511872336	2
T02489	5	113577	180692321	46160	1.0468	1.0484	0.690013383132317	4
T02489	6	184719	170908114	51732	-0.0543	-0.0543	0.658256289286845	2
T02489	7	44167	159119220	46000	1.0253	1.0484	0.698385298728242	4
T02489	8	168484	40811597	13312	-1.532	-1.532	0.758890175793447	1
T02489	8	40811968	41201248	97	-0.5197	-0.46065	0.877094266045123	2
T02489	8	41218425	43755837	417	-1.4408	-1.532	0.862600161207414	1
T02489	8	43762681	49542850	413	-0.4016	-0.46065	0.867978843682682	2
T02489	8	49548261	146292734	24438	-0.0579	-0.0543	0.693778896238464	2
T02489	9	208549	141011581	30528	1.1443	1.15827725992944	0.681510785517073	4
T02489	10	104427	135426536	35233	-0.0033	-0.0543	0.657707639538125	2
T02489	11	230751	134938470	38224	1.0712	1.0484	0.673086656800344	4
T02489	12	180185	133777562	33063	-0.1148	-0.0543	0.721909653012596	2
T02489	13	19450806	115095705	27680	0.0102	-0.0543	0.664687235555648	2
T02489	14	20511673	107285437	26698	-0.0803	-0.0543	0.636512096390094	2
T02489	15	22809980	102429049	24826	1.8852	1.87525	0.6973739309282	7
T02489	16	89561	90146366	20654	-0.0397	-0.0543	0.654188981872996	2
T02489	17	18901	81041938	17262	-0.0502	-0.0543	0.644669013544644	2
T02489	18	136305	78010194	20574	-0.0075	-0.0543	0.673828213844404	2
T02489	19	260912	58956888	10268	1.8129	1.82797986876897	0.689388029569797	7
T02489	20	61795	62912463	16018	-0.075	-0.0543	0.71659737912644	2
T02489	21	15129378	26085506	3441	2.0527	2.05826174501717	0.73921350502002	8
T02489	21	26085924	48084820	6900	1.8653	1.87525	0.737131188912935	7
T02489	22	16888900	51177928	8585	0.901	0.91422174045176	0.681897179435908	4
T02489	23	169805	155233098	22073	-1.7303	-1.532	0.740924700498001	1
