ID	chrom	loc.start	loc.end	num.mark	seg.mean	seg.med	probes.Sd	estimCopy
T03181	1	888659	249198692	55753	0.0171	0.0041	0.916136859463789	2
T03181	2	15703	242775910	61869	-0.0012	0.0041	0.925167529165976	2
T03181	3	62614	197851260	51885	-0.0275	0.0041	0.936376502896464	2
T03181	4	68911	190921709	49201	-0.0128	0.0041	0.934305904782373	2
T03181	5	113577	180692321	46160	-0.0289	0.0041	0.936869751602159	2
T03181	6	184719	170908114	51732	-3e-04	0.0041	0.921762691880881	2
T03181	7	44167	159119220	46000	-0.0106	0.0041	0.923170945801403	2
T03181	8	168484	137810466	36716	-0.0181	0.0041	0.937064711045664	2
T03181	8	137811590	137838256	14	-1.8985	-2.2675	1.92268435121975	1
T03181	8	137841846	146292734	1947	0.085	0.0041	0.942266679712677	2
T03181	9	208549	141011581	30528	-0.0141	0.0041	0.940960362838565	2
T03181	10	104427	135426536	35233	0.0096	0.0041	0.958782364892297	2
T03181	11	230751	134938470	38224	0.0091	0.0041	0.921223477599701	2
T03181	12	180185	133777562	33063	-0.046	0.0041	0.936774804730672	2
T03181	13	19450806	115095705	27680	0.0116	0.0041	0.925388230741545	2
T03181	14	20511673	107285437	26698	-0.0526	0.0041	0.916954416061546	2
T03181	15	22809980	50761410	8561	0.0232	0.0041	0.949673453271954	2
T03181	15	50763394	56091741	1829	-0.1611	-0.1592	1.05272119757982	2
T03181	15	56092454	102429049	14436	0.0075	0.0041	0.91854064385523	2
T03181	16	89561	90146366	20654	0.0178	0.0041	0.953088540143653	2
T03181	17	18901	81041938	17262	0.0041	0.0041	0.948250612748001	2
T03181	18	136305	49533433	12335	0.0191	0.0041	0.917645446321894	2
T03181	18	49534907	57372468	2122	-0.1573	-0.1592	1.13788923080356	2
T03181	18	57382214	78010194	6117	0.0603	0.0041	0.937734390944405	2
T03181	19	260912	58956888	10268	0.062	0.0041	0.949688955138322	2
T03181	20	61795	62912463	16018	0.0375	0.0041	0.941994060706079	2
T03181	21	15129378	48084820	10341	-0.0059	0.0041	0.955554993214392	2
T03181	22	16888900	51177928	8585	-0.0139	0.0041	0.967734567424644	2
T03181	23	169805	155233098	22073	-2.6365	-2.2675	1.07164882511179	1
