ID	chrom	loc.start	loc.end	num.mark	seg.mean	seg.med	probes.Sd	estimCopy
T01784	1	888659	249198692	55753	-0.1193	-0.0395	0.996400954467682	2
T01784	2	15703	242775910	61869	-0.0395	-0.0395	1.01075513078508	2
T01784	3	62614	197851260	51885	-0.0384	-0.0395	0.997453532920527	2
T01784	4	68911	190921709	49201	-0.1793	-0.0395	1.02538156803268	2
T01784	5	113577	7204741	2415	0.1939	0.1949	0.91405548477048	2
T01784	5	7209065	97429223	21751	-0.0508	-0.0395	1.00717796941959	2
T01784	5	97429386	97512483	35	-1.3844	-1.48765	1.678441438557	1
T01784	5	97512512	180692321	21959	-0.0553	-0.0395	1.01715056368561	2
T01784	6	184719	170908114	51732	-0.0378	-0.0395	1.00029268374546	2
T01784	7	44167	159119220	46000	-0.0134	-0.0395	0.982500243126416	2
T01784	8	168484	146292734	38677	-0.0938	-0.0395	0.993207387031605	2
T01784	9	208549	141011581	30528	-0.0296	-0.0395	1.00933608507242	2
T01784	10	104427	135426536	35233	0.0295	-0.0395	0.992940186927198	2
T01784	11	230751	69601039	18115	-0.0039	-0.0395	0.978845951333702	2
T01784	11	69602646	116896913	14094	0.5122	0.598316337624766	1.08649118027021	3
T01784	11	116897834	134938470	6015	0.7449	0.850839704974281	1.00261123442234	4
T01784	12	180185	133777562	33063	-0.1103	-0.0395	0.979497085108564	2
T01784	13	19450806	115095705	27680	-0.95	-0.95	0.999051515089756	1
T01784	14	20511673	107285437	26698	-0.0764	-0.0395	1.01030830998213	2
T01784	15	22809980	102429049	24826	-0.0205	-0.0395	0.97622852590804	2
T01784	16	89561	90146366	20654	-0.9048	-0.95	0.943057141659169	1
T01784	17	18901	81041938	17262	-0.107	-0.0395	0.991711090463837	2
T01784	18	136305	78010194	20574	0.1096	0.087	1.00519694317567	2
T01784	19	260912	58956888	10268	0.087	0.087	0.997328508350775	2
T01784	20	61795	62912463	16018	0.0478	0.087	0.999184594309325	2
T01784	21	15129378	48084820	10341	0.1959	0.1949	1.01688060090941	2
T01784	22	16888900	51177928	8585	0.0045	-0.0395	1.02085580502772	2
T01784	23	169805	8393904	2004	-0.9843	-0.95	1.36989197197637	1
T01784	23	8402827	155233098	20069	-1.5909	-1.48765	1.13584645758011	1
