ID	chrom	loc.start	loc.end	num.mark	seg.mean	seg.med	probes.Sd	estimCopy
T01422	1	888659	118164722	27552	-0.5246	-0.5423	0.592050910760749	1
T01422	1	118164771	118224390	32	-1.6026	-1.55423686798387	1.38807951176813	1
T01422	1	118224778	249198692	28169	-0.5359	-0.5423	0.593926020850402	1
T01422	2	15703	242775910	61869	0.5851	0.5754	0.593763626555297	3
T01422	3	62614	173685056	45659	0.5495	0.5754	0.610054968050733	3
T01422	3	173688657	174836132	350	-0.3615	-0.3623	0.931126472155888	2
T01422	3	174836655	197851260	5876	-0.6378	-0.5423	0.686508809135277	1
T01422	4	68911	190921709	49201	-0.613	-0.5423	0.612852385819867	1
T01422	5	113577	180692321	46160	0.5483	0.5754	0.60831428566027	3
T01422	6	184719	62650619	18776	0.5818	0.5754	0.586152692445946	3
T01422	6	62651063	62682658	10	-1.0597	-1.0597	1.18453639951734	1
T01422	6	62683123	170908114	32946	0.535	0.5754	0.598764593642078	3
T01422	7	44167	159119220	46000	0.5661	0.5754	0.589484611204103	3
T01422	8	168484	211977	21	-1.1469	-1.0597	0.736464602397023	1
T01422	8	212298	20594053	8113	-0.5446	-0.5423	0.611420177916606	1
T01422	8	20594766	23845446	844	-0.81	-1.0597	0.85451956892965	1
T01422	8	23852708	43330198	4804	-2.3101	-2.446	0.946989583594855	1
T01422	8	43334726	43778914	48	-3.4404	-3.58155	1.72865052239567	1
T01422	8	46913606	49496154	392	-0.926	-0.84345	0.799624169152555	1
T01422	8	49503183	146292734	24455	-0.6155	-0.5423	0.596935031983378	1
T01422	9	208549	128866390	28537	0.5754	0.5754	0.5952699664059	3
T01422	9	128875890	141011581	1991	0.7048	0.7048	0.597777225390253	3
T01422	10	104427	135426536	35233	-0.5265	-0.5423	0.58916256306267	1
T01422	11	230751	134938470	38224	0.5957	0.5754	0.588466307173735	3
T01422	12	180185	133777562	33063	-0.5655	-0.5423	0.597159953881812	1
T01422	13	19450806	115095705	27680	-0.531	-0.5423	0.607835544848917	1
T01422	14	20511673	45055395	7693	-2.3932	-2.446	0.783440451952652	1
T01422	14	45064937	54059001	2639	-2.579	-2.446	0.794684437779791	1
T01422	14	54081493	80084011	8152	-2.3626	-2.446	0.779972195503229	1
T01422	14	80084295	86223485	2097	-2.5667	-2.446	0.852201816432224	1
T01422	14	86224031	107285437	6117	-2.3609	-2.446	0.855158463802071	1
T01422	15	22809980	27402601	1853	0.7184	0.7048	0.719260303900782	3
T01422	15	27407771	27925836	216	1.1269	1.09992739720039	1.04916228199229	4
T01422	15	27926499	70348468	12762	2.0235	2.017	0.623573196655401	8
T01422	15	70362585	102429049	9995	2.0105	2.017	0.642018978878051	8
T01422	16	89561	90146366	20654	-0.54	-0.5423	0.612484916595734	1
T01422	17	18901	70919337	15402	-0.4986	-0.5423	0.576288060636722	1
T01422	17	70921280	81041938	1860	-0.3631	-0.3623	0.577949847073103	2
T01422	18	136305	78010194	20574	-0.6259	-0.5423	0.679844756306421	1
T01422	19	260912	58956888	10268	1.4846	1.49368199143703	0.611862490525172	6
T01422	20	61795	62912463	16018	0.586	0.5754	0.589888613176928	3
T01422	21	15129378	43468604	9246	0.616	0.7048	0.590663983404963	3
T01422	21	43470996	48084820	1095	0.7972	0.822507738536204	0.598134089918735	4
T01422	22	16888900	22600912	1278	-0.5334	-0.5423	0.757767079740094	1
T01422	22	22601814	22824282	17	-3.7227	-3.58155	2.89659639974044	1
T01422	22	22824507	51177928	7290	-0.5822	-0.5423	0.615000499252775	1
T01422	23	169805	8351676	1981	-2.4988	-2.446	0.891994861143139	1
T01422	23	8354637	130388406	16079	-2.7122	-2.446	0.856885102307844	1
T01422	23	130397166	155233098	4013	-0.7609	-0.84345	0.649571404637245	1
