ID	chrom	loc.start	loc.end	num.mark	seg.mean	seg.med	probes.Sd	estimCopy
T00354	1	888659	61373796	12390	0.0409	-0.0104	0.849125214291493	2
T00354	1	61374700	68187675	2065	-1.1655	-1.35635	1.14475016805016	1
T00354	1	68191951	115746581	12432	-1.4621	-1.35635	0.978578038339672	1
T00354	1	115756007	151917652	2021	-1.0752	-1.35635	1.13610099688869	1
T00354	1	151918164	249198692	26845	0.0187	-0.0104	0.853850091438306	2
T00354	2	15703	229782402	58607	-0.0097	-0.0104	0.855933977767111	2
T00354	2	229786690	230386043	227	-0.5461	-0.503154875423414	1.06441367852657	1
T00354	2	230388620	231035745	139	0.1051	-0.0104	0.89493283772187	2
T00354	2	231042276	231326148	77	-0.7619	-0.76435	1.21834965503174	1
T00354	2	231337659	242775910	2818	0.0566	-0.0104	0.843597731445161	2
T00354	3	62614	197851260	51885	0.8894	0.88715	0.870191515595391	4
T00354	4	68911	190921709	49201	-0.024	-0.0104	0.850205621223561	2
T00354	5	113577	180692321	46160	0.8809	0.88715	0.876192912628794	4
T00354	6	184719	44538139	14617	0.4295	0.399	0.832743051561564	3
T00354	6	44538843	51382672	1933	0.2444	0.20915	0.911721225772646	2
T00354	6	51383596	170908114	35182	-0.0326	-0.0104	0.839598034696019	2
T00354	7	44167	68377288	20952	0.8649	0.88715	0.873168835111341	4
T00354	7	68378396	78766221	2095	1.1617	1.1456	0.978059706905966	4
T00354	7	78783101	85042188	2035	1.4923	1.53846880212124	0.882941599776707	6
T00354	7	85043554	92946010	2100	1.2522	1.28878703266995	0.8986122808487	5
T00354	7	92961354	101653706	2064	0.5465	0.5659	1.03505947837879	3
T00354	7	101653744	159119220	16754	0.0401	-0.0104	0.852848052831668	2
T00354	8	168484	4322454	2079	-1.7029	-1.35635	0.948655014308993	1
T00354	8	4322748	9386210	2002	-1.2506	-1.35635	1.15744868085612	1
T00354	8	9389929	10885579	531	-0.1167	-0.0104	0.939980222083214	2
T00354	8	10888617	11813909	354	-0.7668	-0.76435	1.27313156382142	1
T00354	8	11814056	117038175	25578	-0.0173	-0.0104	0.866013809700286	2
T00354	8	117038437	146292734	8133	0.3685	0.399	0.877575887400104	3
T00354	9	208549	141011581	30528	0.8849	0.88715	0.875688275924544	4
T00354	10	104427	135426536	35233	0.0257	-0.0104	0.852351742417533	2
T00354	11	230751	48380904	15221	0.9069	0.88715	0.884904190104349	4
T00354	11	48453271	69838750	2938	0.5853	0.5659	1.0071782642573	3
T00354	11	69838807	134938470	20065	0.9198	0.88715	0.896049114809746	4
T00354	12	180185	133777562	33063	-0.0213	-0.0104	0.86024104457909	2
T00354	13	19450806	115095705	27678	-0.0048	-0.0104	0.858215772831649	2
T00354	14	20511673	107285437	26698	-0.0062	-0.0104	0.836966036479294	2
T00354	15	22809980	86655875	18618	1.433	1.4363	0.887023386492979	5
T00354	15	86657025	92665728	2125	1.2026	1.2302511086489	0.928903327650059	5
T00354	15	92667958	102429049	4083	1.4396	1.4363	0.875662919712874	5
T00354	16	89561	90146366	20654	-0.0867	-0.0104	0.860916769319367	2
T00354	17	18901	81041938	17262	-0.0154	-0.0104	0.85936711075929	2
T00354	18	136305	78010194	20574	-0.0111	-0.0104	0.883544752762974	2
T00354	19	260912	31473213	4565	1.6249	1.65984387080452	0.958852172582405	6
T00354	19	31481093	58956888	5703	1.1295	1.1456	0.94415022828901	4
T00354	20	61795	55795918	14300	-0.0014	-0.0104	0.871787830949705	2
T00354	20	55800296	62912463	1718	0.1739	0.20915	0.799389099537361	2
T00354	21	15129378	27695987	4019	1.429	1.4827055045529	1.00333195522607	6
T00354	21	27699809	48084820	6322	1.684	1.72396805993054	0.994058606413474	7
T00354	22	16888900	22397907	1184	-0.0851	-0.0104	0.925502989810966	2
T00354	22	22401536	22431045	17	-1.7432	-1.35635	1.65481442956639	1
T00354	22	22432155	51177928	7384	-0.0665	-0.0104	0.890697819337821	2
T00354	23	169805	8393904	2004	-1.106	-1.35635	1.40688411793008	1
T00354	23	8402827	155233098	20069	-1.6877	-1.35635	1.04860306010859	1
