ID	chrom	loc.start	loc.end	num.mark	seg.mean	seg.med	probes.Sd	estimCopy
N06381	1	564621	101937782	30526	-0.0372	-0.0264	0.833193921213628	2
N06381	1	101940233	109349307	2035	-0.8351	-0.7803	1.05217210710189	1
N06381	1	109350564	121207335	3875	-1.331	-1.571	1.04271274915567	1
N06381	1	121213287	145104261	54	0.3687	0.42045	1.86981827469836	3
N06381	1	145129144	146775199	182	1.0635	1.27260010659912	1.24698595847924	5
N06381	1	146783569	210541553	20307	1.5644	1.57787777475815	0.845352764651488	6
N06381	1	210543246	216106969	2045	0.8771	0.8996	0.85254488730357	4
N06381	1	216106991	249198692	12200	1.6079	1.621258602079	0.840969432632743	6
N06381	2	15703	141684270	44070	-0.0264	-0.0264	0.82797169123936	2
N06381	2	141687924	141875275	83	-0.7702	-0.7803	1.33508231165233	1
N06381	2	141878501	243048760	29665	-0.0577	-0.0264	0.811472515833252	2
N06381	3	69244	17889751	8120	0.8919	0.8996	0.869049077554964	4
N06381	3	17889839	23875073	1977	1.3083	1.32016656766183	0.885760317053105	5
N06381	3	23879862	197856433	50482	0.8973	0.8996	0.828684683477762	4
N06381	4	45410	127928438	37271	0.9034	0.8996	0.817104793628119	4
N06381	4	127928833	190921709	18637	-0.0158	-0.0264	0.811245018927389	2
N06381	5	36344	19502477	8100	-0.0159	-0.0264	0.835433679307255	2
N06381	5	19503377	27652143	1961	0.1859	-0.0264	0.765762624605301	2
N06381	5	27662410	180692833	46274	-0.0519	-0.0264	0.810164548154785	2
N06381	6	203249	170918031	56009	0.9078	0.8996	0.830423965158841	4
N06381	7	43259	34100270	13040	-0.0667	-0.0264	0.82383636915664	2
N06381	7	34100558	34525140	142	-0.5789	-0.7803	1.03022274961159	1
N06381	7	34525660	54871940	7250	-0.0662	-0.0264	0.833520666684487	2
N06381	7	54872119	69528580	2039	0.4722	0.42045	0.970703762591542	3
N06381	7	69539140	159119220	24424	0.9231	0.8996	0.818394219948322	4
N06381	8	161222	39769949	17634	-0.0184	-0.0264	0.844860012420914	2
N06381	8	39775845	40810953	496	-0.7803	-0.7803	1.1137563404278	1
N06381	8	40811597	53832663	2091	0.3033	-0.0264	0.917725332938503	2
N06381	8	53833571	111730410	16271	0.8786	0.8996	0.810346994067746	4
N06381	8	111746811	112191432	95	-0.77	-0.7803	1.18087259197527	1
N06381	8	112199258	146293414	11979	0.8996	0.8996	0.852894209657952	4
N06381	9	37747	141071475	41387	0.9152	0.8996	0.839487394966442	4
N06381	10	104427	135434551	48097	-0.0407	-0.0264	0.822503348457133	2
N06381	11	198510	43908104	16156	-0.0221	-0.0264	0.814062061253813	2
N06381	11	43908230	57211646	2223	-0.4384	-0.4977	1.03057716409769	2
N06381	11	57213061	66608991	2081	-0.0158	-0.0264	0.8652301726261	2
N06381	11	66645254	69417986	540	-0.786	-0.7803	1.20968842629384	1
N06381	11	69418138	85236332	4931	-0.067	-0.0264	0.87534950857404	2
N06381	11	85245772	92338668	2350	-0.7657	-0.7803	1.1101984257011	1
N06381	11	92341507	95519787	1245	-0.1459	-0.0264	0.978353449810295	2
N06381	11	95526117	99914997	1603	-1.3238	-1.26840060059771	1.14527910109119	1
N06381	11	99915886	102196550	826	-3.7692	-3.78418650935763	1.66341839858571	1
N06381	11	102200142	103215748	364	-1.7666	-1.571	1.44212752885961	1
N06381	11	103215818	109638891	2006	-0.9628	-0.7803	1.06245819806982	1
N06381	11	109640514	134944770	10100	-0.0391	-0.0264	0.839475954721156	2
N06381	12	161382	17525245	6116	-1.5711	-1.571	0.924170270157429	1
N06381	12	17527999	19267715	524	-0.7089	-0.7803	0.983453156061943	1
N06381	12	19269694	49624308	8916	-0.0835	-0.0264	0.848516914433385	2
N06381	12	49624532	54884972	1391	-0.9358	-0.7803	1.20219679806667	1
N06381	12	54888050	59800581	1290	-0.2895	-0.270318411961522	0.957976556989372	2
N06381	12	59800932	108447759	15484	-0.0456	-0.0264	0.796547984953676	2
N06381	12	108448046	108474692	13	-1.7789	-1.571	1.55175686609044	1
N06381	12	108474743	133777645	8718	-0.0256	-0.0264	0.860748920753626	2
N06381	13	19045720	115106996	34060	-1.5223	-1.571	0.879005650098033	1
N06381	14	20211644	107285437	28033	-0.0494	-0.0264	0.820966653443349	2
N06381	15	20071673	102400037	26014	-0.0463	-0.0264	0.838226126789691	2
N06381	16	86671	24698903	8858	-0.0183	-0.0264	0.847799706528511	2
N06381	16	24700486	25607731	285	-0.7536	-0.7803	1.2260596908018	1
N06381	16	25620010	90163275	18424	-0.0171	-0.0264	0.850233303741157	2
N06381	17	6689	41341984	9953	-0.0388	-0.0264	0.856111379329739	2
N06381	17	41367401	42921596	286	-0.557	-0.4977	1.09660819719321	2
N06381	17	42923398	74476045	8661	0.0026	-0.0264	0.878743146634836	2
N06381	17	74479889	76976417	796	-0.7507	-0.7803	1.23117799252128	1
N06381	17	76977466	81049726	883	-0.0942	-0.0264	1.09608670406667	2
N06381	18	11543	20108500	6126	-0.0084	-0.0264	0.845159953918018	2
N06381	18	20119651	45649628	8143	0.9524	0.95905	0.808912202791976	4
N06381	18	45654761	51093875	2085	0.2464	-0.0264	0.949568947177031	2
N06381	18	51097613	51201891	37	1.1926	1.12027947885816	0.722970060792087	4
N06381	18	51208076	57099665	2002	0.7066	0.718452661875827	0.910965586927797	3
N06381	18	57100768	78015057	8112	0.9657	0.95905	0.822844598854516	4
N06381	19	260912	22769768	3951	1.0215	1.0272365034964	0.897707657608782	4
N06381	19	22770132	30312350	1229	0.2919	-0.0264	0.937589041560586	2
N06381	19	30312874	59095126	6680	0.027	-0.0264	0.892162845581963	2
N06381	20	61795	8129324	3484	-0.1084	-0.0264	0.947312763415844	2
N06381	20	8130137	9556035	663	-0.9775	-0.7803	1.10116780833903	1
N06381	20	9556159	23734905	6244	-1.5709	-1.571	0.910946857458959	1
N06381	20	23736668	26224651	754	-0.8833	-0.7803	1.19365489256381	1
N06381	20	26225145	62912463	11675	-0.0636	-0.0264	0.867713758792458	2
N06381	21	10913441	48084820	12527	-0.0151	-0.0264	0.847464534962206	2
N06381	22	16055171	51219006	11424	0.0172	-0.0264	0.889715517359784	2
N06381	23	152439	3148320	530	-0.9283	-0.7803	1.22047765898342	1
N06381	23	3153474	154925045	36228	-1.5431	-1.571	0.894305903699793	1
N06381	24	2722506	28758193	347	-1.8718	-1.571	0.862725251908241	1
