ID	chrom	loc.start	loc.end	num.mark	seg.mean	seg.med	probes.Sd	estimCopy
N08234A	1	564621	146732231	36649	-0.0292	-0.0035	0.955787849364741	2
N08234A	1	146732707	249198692	34575	0.9132	0.9159	0.960342358678901	4
N08234A	2	15703	243048760	73818	-0.0068	-0.0035	0.926151128096185	2
N08234A	3	69244	197856433	60579	-0.001	-0.0035	0.938612099266776	2
N08234A	4	45410	60808076	18690	0.0353	-0.0035	0.931278852034128	2
N08234A	4	60808849	67348182	1757	0.2465	0.2465	0.854387774649006	2
N08234A	4	67358778	190921709	35461	0.0249	-0.0035	0.916279645370011	2
N08234A	5	36344	180692833	56335	0.0088	-0.0035	0.938912206162049	2
N08234A	6	203249	170918031	56009	-0.0285	-0.0035	0.940527688011105	2
N08234A	7	43259	159119220	46895	0.0316	-0.0035	0.911905698822349	2
N08234A	8	161222	2541669	1101	-0.1712	-0.185	1.02158726804701	2
N08234A	8	2542045	41234450	17155	-0.3459	-0.40425	0.905407664146879	2
N08234A	8	41234889	146293414	30310	-0.0035	-0.0035	0.93492221147687	2
N08234A	9	37747	141071475	41387	0.9998	1.06420326359554	0.955105402327239	4
N08234A	10	104427	135434551	48097	-0.0098	-0.0035	0.934711739683751	2
N08234A	11	198510	15880212	6000	0.259	0.2465	0.986082732975841	2
N08234A	11	15881610	134944770	38425	-0.0145	-0.0035	0.955767887579658	2
N08234A	12	161382	17530565	6120	-0.0732	-0.0035	0.936755371707245	2
N08234A	12	17531520	23079828	1792	0.1705	0.1389	0.844856846381152	2
N08234A	12	23088498	128836589	32582	-0.0653	-0.0035	0.951239512762008	2
N08234A	12	128838648	133777645	1958	0.2099	0.2465	0.905393106824831	2
N08234A	13	19045720	115106996	34060	-1.5086	-1.5502	0.913413512474073	1
N08234A	14	20211644	25626387	2049	-0.185	-0.185	0.988209021736906	2
N08234A	14	25626411	52275818	7952	0.0572	0.1389	0.903117557999033	2
N08234A	14	52276962	57607067	2065	-0.6586	-0.69895	1.21927421358726	1
N08234A	14	57612996	62101707	1425	-0.2199	-0.185	0.969824388082823	2
N08234A	14	62109630	63445340	473	-0.6779	-0.69895	1.20259062821646	1
N08234A	14	63451572	76938089	4063	-1.5502	-1.5502	0.995231400355604	1
N08234A	14	76941832	78119534	480	-0.72	-0.69895	1.39427154658336	1
N08234A	14	78122100	82513551	1564	-0.1165	-0.0035	1.00256096839774	2
N08234A	14	82513615	88324055	1906	0.1389	0.1389	0.934950390672957	2
N08234A	14	88327804	99268957	4340	-0.0924	-0.0035	0.975559308607679	2
N08234A	14	99269046	107285437	1716	-0.4626	-0.40425	1.22587450280684	2
N08234A	15	20071673	29335301	1932	0.2997	0.334451105989536	0.854241868729201	3
N08234A	15	29335474	102400037	24082	0.0184	-0.0035	0.953705186763128	2
N08234A	16	86671	31209224	10462	-0.0486	-0.0035	0.993489470997607	2
N08234A	16	31214898	34850921	194	-0.7203	-0.69895	1.2502217078536	1
N08234A	16	34864225	90163275	16911	0.0093	-0.0035	0.938463531127914	2
N08234A	17	6689	81049726	20579	-0.0586	-0.0035	0.958916225273909	2
N08234A	18	11543	78015057	26505	0.0423	-0.0035	0.928115219134225	2
N08234A	19	260912	59095126	11860	0.9186	0.9159	1.03006442497484	4
N08234A	20	61795	62912463	22820	0.0185	-0.0035	0.930449838159185	2
N08234A	21	10913441	48084820	12527	0.0313	-0.0035	0.961617097509199	2
N08234A	22	16055171	51219006	11424	0.0164	-0.0035	0.979008950748576	2
N08234A	23	152439	6947767	2036	-1.2383	-1.22016236129981	1.27527401262729	1
N08234A	23	6948429	154925045	34722	-1.7069	-1.5502	0.924116566936216	1
N08234A	24	2722506	28758193	347	-2.0647	-1.98934395458986	1.01516524879397	1
