ID	chrom	loc.start	loc.end	num.mark	seg.mean	seg.med	probes.Sd	estimCopy
N07680A	1	564621	249198692	71224	-0.0783	-0.0484	0.872331914680599	2
N07680A	2	15703	243048760	73818	-0.0577	-0.0484	0.865472866454728	2
N07680A	3	69244	86477601	30333	-0.0294	-0.0484	0.866947017396737	2
N07680A	3	86478022	99348411	2019	0.5508	0.564337007777451	0.936403992523523	3
N07680A	3	99352604	197856433	28227	0.9113	0.9595	0.869843298012974	4
N07680A	4	45410	190921709	55908	-0.0335	-0.0484	0.851107234222322	2
N07680A	5	36344	180692833	56335	0.9559	0.9595	0.877652766806424	4
N07680A	6	203249	170918031	56009	0.9149	0.9595	0.872580809406224	4
N07680A	7	43259	159119220	46895	0.9669	0.9595	0.861660684230599	4
N07680A	8	161222	146293414	48566	0.0039	-0.0484	0.864245580314475	2
N07680A	9	37747	2948195	1986	1.7115	1.75221030646965	0.832359358145827	7
N07680A	9	2949127	7379571	2200	1.497	1.5160145221225	0.921211307831786	6
N07680A	9	7380059	10145099	1615	1.8951	1.92009280769384	0.811375775411396	8
N07680A	9	10145234	141071475	35586	1.6781	1.69550512583208	0.901227411158048	6
N07680A	10	104427	130571475	46143	-0.0556	-0.0484	0.870955459280593	2
N07680A	10	130572167	135434551	1954	0.1848	0.206428197930013	0.819219342125429	2
N07680A	11	198510	134944770	44425	0.9631	0.9595	0.86312383141489	4
N07680A	12	161382	124499542	38452	-0.1002	-0.0484	0.880717270645394	2
N07680A	12	124499882	133777645	4000	0.1202	0.09685	0.847813031440305	2
N07680A	13	19045720	20836930	400	-0.1361	-0.0484	0.982589638226696	2
N07680A	13	20836940	21081296	151	-0.9719	-0.838336872198809	1.39247128920934	1
N07680A	13	21081593	115106996	33509	-0.0412	-0.0484	0.865588589173146	2
N07680A	14	20211644	107285437	28033	-0.0644	-0.0484	0.862158983182583	2
N07680A	15	20071673	102400037	26014	0.9476	0.9595	0.884333309606577	4
N07680A	16	86671	34410569	10603	0.0064	-0.0484	0.877450491298889	2
N07680A	16	34410955	90163275	16964	-0.6648	-0.650586480474634	0.903050993449074	1
N07680A	17	6689	81049726	20579	-0.0625	-0.0484	0.886132533550197	2
N07680A	18	11543	78015057	26505	-0.0101	-0.0484	0.868352548883094	2
N07680A	19	260912	59095126	11860	0.9918	0.9595	0.923881693138026	4
N07680A	20	61795	62912463	22820	-0.0351	-0.0484	0.877376953806188	2
N07680A	21	10913441	48084820	12527	0.9781	0.9595	0.914730361595896	4
N07680A	22	16055171	51219006	11424	0.0735	0.09685	0.919383732621104	2
N07680A	23	152439	154925045	36758	-1.5595	-1.54449366670588	0.930438407560327	1
N07680A	24	2722506	6608568	115	-4.232	-5.36575	2.1514252416168	1
N07680A	24	6615362	28758193	232	-6.4995	-5.36575	2.33137291855831	1
