ID	chrom	loc.start	loc.end	num.mark	seg.mean	seg.med	probes.Sd	estimCopy
N06943	1	564621	88269313	26442	-0.0569	-0.001	0.902970215511471	2
N06943	1	88273790	95207524	2097	-0.7879	-0.3076	0.91812212283187	2
N06943	1	95207633	109274298	4006	-0.3938	-0.3076	0.843912541831848	2
N06943	1	109285825	115606259	2097	-0.668	-0.3076	0.909711995959315	2
N06943	1	115606758	146775199	2030	-0.3986	-0.3076	0.881386874053271	2
N06943	1	146783569	237995299	30538	-0.0627	-0.001	0.895471948722831	2
N06943	1	237997087	242402390	1971	0.2179	0.1799	0.835078004026295	2
N06943	1	242402678	249198692	2043	0.0016	-0.001	0.911668610721119	2
N06943	2	15703	157694540	48420	-0.0048	-0.001	0.906761714442334	2
N06943	2	157712037	158475540	155	-0.7355	-0.3076	1.22322205177846	2
N06943	2	158480721	159133888	223	-1.2656	-1.72545	1.23686171009355	1
N06943	2	159164348	159275673	31	-4.6041	-4.696	2.75997470498382	1
N06943	2	159281466	160402769	383	-1.2476	-1.72545	1.21780305188429	1
N06943	2	160403400	197321747	10252	-1.9389	-1.72545	0.946978998000081	1
N06943	2	197322178	243048760	14354	-0.1444	-0.3076	0.893812027870559	2
N06943	3	69244	197856433	60579	-0.026	-0.001	0.889841558061294	2
N06943	4	45410	60808076	18690	0.0393	-0.001	0.87926809421598	2
N06943	4	60808849	67844457	1909	0.2496	0.1799	0.771407022368717	2
N06943	4	67870395	91979094	7049	-0.0527	-0.001	0.869408070681926	2
N06943	4	91980149	92096026	29	-2.699	-2.81172962921436	1.7879655772059	1
N06943	4	92108454	190921709	28231	-0.001	-0.001	0.873806711392419	2
N06943	5	36344	163890845	50354	-0.0151	-0.001	0.877138119922725	2
N06943	5	163891488	168298927	1607	0.1799	0.1799	0.816839679621198	2
N06943	5	168299197	180692833	4374	-0.0634	-0.001	0.95325708166153	2
N06943	6	203249	18305427	8044	-0.1581	-0.3076	0.918992626798637	2
N06943	6	18309605	23170014	1952	0.0763	-0.001	0.896724752809271	2
N06943	6	23170986	46844831	8051	-0.1759	-0.3076	0.900527178140195	2
N06943	6	46847501	105132229	15952	0.0487	-0.001	0.859277711543822	2
N06943	6	105133138	118973998	4061	-0.1586	-0.3076	0.915741267546346	2
N06943	6	118974042	125365648	1905	0.1067	0.1799	0.796413138015894	2
N06943	6	125368474	161582535	12073	-0.1469	-0.3076	0.89781451607794	2
N06943	6	161586840	170918031	3971	0.126	0.1799	0.888491926380847	2
N06943	7	43259	159119220	46895	-0.0082	-0.001	0.886452211743498	2
N06943	8	161222	96306959	31925	0.0285	-0.001	0.879867307986529	2
N06943	8	96307550	104578609	2551	-0.1861	-0.3076	0.93499556162068	2
N06943	8	104581317	124710664	5980	0.0658	-0.001	0.83492155741021	2
N06943	8	124710729	129798114	2082	-0.2198	-0.3076	0.895630741510104	2
N06943	8	129798970	146293414	6028	0.0469	-0.001	0.873554500583695	2
N06943	9	37747	7325964	4149	-0.1044	-0.001	0.90721364219077	2
N06943	9	7329786	20351419	6374	0.089	0.1799	0.832253647432156	2
N06943	9	20351607	20466105	27	-1.1592	-1.72545	1.13024643408861	1
N06943	9	20471312	141071475	30837	0.0036	-0.001	0.897630610977877	2
N06943	10	104427	135434551	48097	-0.0134	-0.001	0.891691397329773	2
N06943	11	198510	32863636	12117	0.0383	-0.001	0.867615897745131	2
N06943	11	32871485	37704760	2028	-0.1629	-0.3076	0.887667734835147	2
N06943	11	37707868	44519978	2295	0.1696	0.1799	0.869959947083332	2
N06943	11	44520597	80399227	7791	-0.0779	-0.001	0.885162392434859	2
N06943	11	80399413	86259864	2021	-1.2036	-1.72545	1.12776624820747	1
N06943	11	86261616	97854985	4039	-1.7134	-1.72545	0.938957666986606	1
N06943	11	97855013	98997022	436	-2.0751	-1.72545	1.23286156125204	1
N06943	11	98997633	102142846	1214	-3.7229	-4.696	1.43636598912094	1
N06943	11	102143403	102538952	139	-4.8041	-4.696	1.52595414912178	1
N06943	11	102545247	102636715	50	-3.3638	-4.696	1.40295993923923	1
N06943	11	102640462	109643948	2198	-1.7375	-1.72545	0.920841165141837	1
N06943	11	109647900	130801786	8159	-0.0725	-0.001	0.904107352292057	2
N06943	11	130808483	134944770	1938	0.2012	0.1799	0.845882697971514	2
N06943	12	161382	124534824	38460	-0.0973	-0.001	0.899215518639842	2
N06943	12	124535394	133777645	3992	0.1302	0.1799	0.899153646170399	2
N06943	13	19045720	115106996	34060	-1.9449	-1.72545	0.914951502297898	1
N06943	14	20211644	49805181	9136	-0.4157	-0.3076	0.881899928842997	2
N06943	14	49805234	77040457	8928	-0.6882	-0.3076	0.912820701624274	2
N06943	14	77043210	107285437	9969	-0.4084	-0.3076	0.899794725942722	2
N06943	15	20071673	27842037	1647	1.396	1.41628564815949	0.885348864597597	5
N06943	15	27842066	102400037	24367	1.1281	1.1478544382012	0.92973497375067	4
N06943	16	86671	34410955	10604	0.0186	-0.001	0.89740441412237	2
N06943	16	34411378	53483115	2093	-0.4134	-0.3076	0.920266386284216	2
N06943	16	53483980	59561787	2202	-0.0857	-0.001	0.938191292267264	2
N06943	16	59565270	65879042	1984	0.2455	0.1799	0.807807043085912	2
N06943	16	65879447	75095695	2203	0.0014	-0.001	0.915042055798228	2
N06943	16	75099566	78902324	2120	-0.3076	-0.3076	0.941890260555006	2
N06943	16	78905250	84698110	4214	-0.5449	-0.3076	0.925140827946308	2
N06943	16	84698394	90099571	2120	-0.2797	-0.3076	0.994805497011385	2
N06943	16	90102384	90163275	27	0.3535	0.1799	0.976008389359626	2
N06943	17	6689	81049726	20579	-0.0505	-0.001	0.89930040172616	2
N06943	18	11543	78015057	26505	0.0314	-0.001	0.88770100756415	2
N06943	19	260912	59095126	11860	0.043	-0.001	0.938004119360076	2
N06943	20	61795	62912463	22820	-0.0175	-0.001	0.900251868839325	2
N06943	21	10913441	48084820	12527	0.0055	-0.001	0.917517196821162	2
N06943	22	16055171	35669557	6304	0.004	-0.001	0.952774792863883	2
N06943	22	35669809	41047556	1355	-0.2432	-0.3076	1.00179357807309	2
N06943	22	41047764	51219006	3765	0.0627	-0.001	0.970554180935715	2
N06943	23	152439	154925045	36758	-1.9449	-1.72545	0.91472487701424	1
N06943	24	2722506	6615362	116	-4.7879	-4.696	2.3383241650163	1
N06943	24	6661973	28758193	231	-7.1519	-4.696	2.17116391565695	1
