ID	chrom	loc.start	loc.end	num.mark	seg.mean	seg.med	probes.Sd	estimCopy
N06878A	1	564621	146693429	36627	-0.03	-0.0216	0.909180165047081	2
N06878A	1	146694421	249198692	34597	1.0437	1.04745	0.895453339835606	4
N06878A	2	15703	243048760	73818	-0.0228	-0.0216	0.90149834310323	2
N06878A	3	69244	197856433	60579	1.0478	1.04745	0.909192276623504	4
N06878A	4	45410	190921709	55908	0.0082	-0.0216	0.895399433599962	2
N06878A	5	36344	180692833	56335	-0.021	-0.0216	0.902894440036777	2
N06878A	6	203249	170918031	56009	1.051	1.04745	0.909364224220346	4
N06878A	7	43259	159119220	46895	1.0567	1.04745	0.890949887317471	4
N06878A	8	161222	146293414	48566	-0.0113	-0.0216	0.899073873850442	2
N06878A	9	37747	141071475	41387	1.0471	1.04745	0.907794969489982	4
N06878A	10	104427	135434551	48097	-0.0362	-0.0216	0.911743093130074	2
N06878A	11	198510	134944770	44425	-0.0216	-0.0216	0.900788004487452	2
N06878A	12	161382	77873551	23996	-0.0153	-0.0216	0.909561525036557	2
N06878A	12	77876077	78395973	232	-0.5434	-0.293167781818812	1.27368245514149	2
N06878A	12	78396276	133777645	18224	-0.0477	-0.0216	0.901456494297156	2
N06878A	13	19045720	115106996	34060	-1.6712	-1.65879602804807	0.962687971098175	1
N06878A	14	20211644	107285437	28033	-0.063	-0.0216	0.886126573048673	2
N06878A	15	20071673	102400037	26014	1.0198	1.04745	0.90202588888997	4
N06878A	16	86671	90163275	27567	-0.0348	-0.0216	0.92187713487187	2
N06878A	17	6689	81049726	20579	-0.0348	-0.0216	0.90210825231424	2
N06878A	18	11543	78015057	26505	0.0011	-0.0216	0.906082944970592	2
N06878A	19	260912	59095126	11860	1.036	1.04745	0.957114108865179	4
N06878A	20	61795	62912463	22820	-0.0449	-0.0216	0.917390382961725	2
N06878A	21	10913441	48084820	12527	1.0826	1.04745	0.927519992835689	4
N06878A	22	16055171	51219006	11424	-0.0192	-0.0216	0.93786937809982	2
N06878A	23	152439	6496846	1894	0.0541	-0.0216	0.932573771800802	2
N06878A	23	6500766	6748340	81	-0.6491	-0.578253172983689	1.06362734508015	1
N06878A	23	6750580	154925045	34783	0.0618	-0.0216	0.883301539704841	2
N06878A	24	2722506	6608568	115	-3.0105	-2.15295707104477	2.80500355260099	1
N06878A	24	6615362	28758193	232	-6.7595	-6.54697180029325	2.49705209485512	1
