ID	chrom	loc.start	loc.end	num.mark	seg.mean	seg.med	probes.Sd	estimCopy
N06839	1	564621	76467469	22385	-0.0216	-0.0043	0.850584544351551	2
N06839	1	76468316	95201044	6148	-0.4854	-0.8514	0.84587984845404	1
N06839	1	95201507	146693429	8094	-0.0202	-0.0043	0.855515303823268	2
N06839	1	146694421	157256629	2033	1.5131	1.52465	0.890010791425682	6
N06839	1	157257127	237997087	28551	1.3062	1.32184391724493	0.835171266800774	5
N06839	1	237997254	242596560	2043	1.5362	1.52465	0.766512961009311	6
N06839	1	242596703	249198692	1970	1.7307	1.6894	0.825533635120895	6
N06839	2	15703	243048760	73818	0.0055	-0.0043	0.838196599421296	2
N06839	3	69244	197856433	60579	0.0074	-0.0043	0.837857854334895	2
N06839	4	45410	122237056	35730	0.0122	-0.0043	0.827172226656987	2
N06839	4	122238188	126169900	1019	-1.5533	-1.6014	1.06138135790744	1
N06839	4	126171625	126272846	31	-0.0951	-0.0043	0.770841852457285	2
N06839	4	126273052	128066804	535	-1.469	-1.6014	1.13490264044129	1
N06839	4	128069769	136998965	2021	-1.0648	-0.8514	1.15600613313193	1
N06839	4	137002709	143679144	2076	-1.3625	-1.6014	1.08991130791453	1
N06839	4	143680185	179973612	10354	-0.02	-0.0043	0.825504065043533	2
N06839	4	179974064	190921709	4142	-1.5777	-1.6014	0.983473879500677	1
N06839	5	36344	180692833	56335	-0.0026	-0.0043	0.840064374966617	2
N06839	6	203249	70829237	23829	-0.0348	-0.0043	0.854382465154098	2
N06839	6	70836365	71267566	174	-0.8514	-0.8514	1.14352857194714	1
N06839	6	71268841	116290682	13325	-1.6358	-1.6014	0.92617442995495	1
N06839	6	116298479	116628946	71	-3.1639	-1.6014	2.09301820319936	1
N06839	6	116631700	170918031	18610	-1.6553	-1.6014	0.945349466873582	1
N06839	7	43259	159119220	46895	0.4669	0.4538	0.833345572134157	3
N06839	8	161222	37080867	17151	-1.6102	-1.6014	0.951086082222171	1
N06839	8	37083118	37716302	160	1.2347	1.56734011163178	1.68330061468485	6
N06839	8	37718894	38657695	146	-1.3133	-1.6014	1.21594816559528	1
N06839	8	38665777	39769949	177	1.6481	1.6894	1.13969164065998	6
N06839	8	39775845	40442467	356	-1.6046	-1.6014	0.958924032532143	1
N06839	8	40451400	40726394	114	0.773	0.90335	1.80602029773286	4
N06839	8	40726582	40740473	6	-2.3574	-1.6014	1.08909109797529	1
N06839	8	40747667	124717641	22355	0.4403	0.4538	0.859069547779198	3
N06839	8	124718333	146293414	8101	0.0462	-0.0043	0.848830284922166	2
N06839	9	37747	7374476	4184	-0.006	-0.0043	0.845085890335559	2
N06839	9	7379273	9599760	1303	0.2098	0.264315316388342	0.904401129488524	2
N06839	9	9601987	9869714	130	-0.9636	-0.8514	1.29630231456666	1
N06839	9	9874215	20000424	4724	0.0642	-0.0043	0.838672595184449	2
N06839	9	20001563	25890597	2085	-0.5111	-0.8514	0.942533438323921	1
N06839	9	25891012	141071475	28961	0.0149	-0.0043	0.830090992248066	2
N06839	10	104427	31968729	14027	-1.5918	-1.6014	1.02028728614723	1
N06839	10	31968759	135434551	34070	-0.011	-0.0043	0.854338370547957	2
N06839	11	198510	26042002	10097	0.6398	0.659135012437032	0.843072003335608	3
N06839	11	26044417	74346933	12110	-0.0128	-0.0043	0.831570948216694	2
N06839	11	74347434	80399413	2025	-0.4558	-0.8514	0.90985185078287	1
N06839	11	80399615	86253595	2019	-0.9819	-0.8514	0.901756575799702	1
N06839	11	86259864	92447418	2062	-1.5982	-1.6014	0.939418029095445	1
N06839	11	92449367	100210203	2920	-1.4335	-1.6014	1.03985639473166	1
N06839	11	100217374	101310590	445	-2.8111	-1.6014	1.59528549443442	1
N06839	11	101311359	102346586	302	-3.7485	-4.4041	1.76394396148958	1
N06839	11	102357341	103434914	429	-2.8613	-1.6014	1.71780343347241	1
N06839	11	103437818	103792043	149	-1.9363	-1.6014	1.36256062668634	1
N06839	11	103792540	109643948	1770	-1.4036	-1.6014	0.997543962620263	1
N06839	11	109647900	125424417	6059	-0.0802	-0.0043	0.863929994475616	2
N06839	11	125425773	134944770	4038	-0.3989	-0.8514	0.910542518519541	1
N06839	12	161382	11733185	4043	-0.0727	-0.0043	0.84863800429685	2
N06839	12	11734168	33773115	8081	-0.8685	-0.8514	0.885463679201507	1
N06839	12	33774077	133777645	30328	-0.0298	-0.0043	0.83818168397229	2
N06839	13	19045720	71853723	18031	-1.6241	-1.6014	0.966997384072241	1
N06839	13	71865950	115106996	16029	0.0261	-0.0043	0.831464659912657	2
N06839	14	20211644	82497798	20067	-0.1341	-0.0043	0.833321773128899	2
N06839	14	82507338	88429344	1960	0.1259	-0.0043	0.807059815367451	2
N06839	14	88429427	94555248	2054	-0.2156	-0.194054932083451	0.816625935414112	2
N06839	14	94563193	107285437	3952	0.0057	-0.0043	0.839436459628648	2
N06839	15	20071673	102400037	26014	0.4407	0.4538	0.849759749372542	3
N06839	16	86671	90163275	27567	0.009	-0.0043	0.864859298450118	2
N06839	17	6689	81049726	20579	-0.0348	-0.0043	0.867125932726023	2
N06839	18	11543	78015057	26505	0.4739	0.4538	0.828041706281593	3
N06839	19	260912	59095126	11860	1.0182	1.02835438414708	0.90249324643023	4
N06839	20	61795	36405667	12447	0.8254	0.832808152356038	0.965907270394951	4
N06839	20	36422696	62912463	10373	-0.9304	-0.8514	0.917803920194877	1
N06839	21	10913441	48084820	12527	1.0337	0.90335	0.85373298477239	4
N06839	22	16055171	51219006	11424	0.0362	-0.0043	0.904859390031839	2
N06839	23	152439	124649882	28636	-1.5552	-1.6014	0.914121345884288	1
N06839	23	124653626	126563355	454	-0.6562	-0.8514	1.27605421563598	1
N06839	23	126563783	154925045	7668	0.0851	-0.0043	0.816887431630173	2
N06839	24	2722506	6608568	115	-4.4041	-4.4041	2.18048556245617	1
N06839	24	6615362	28758193	232	-6.6702	-4.4041	2.42016878982431	1
