ID	chrom	loc.start	loc.end	num.mark	seg.mean	seg.med	probes.Sd	estimCopy
T03417	1	888659	39784888	7340	0.1123	0.0603	0.654385424797681	2
T03417	1	39785641	249198692	48412	-0.0274	-0.08755	0.671571357063165	2
T03417	2	15703	242775910	61869	-0.0671	-0.08755	0.685373516419125	2
T03417	3	62614	197851260	51885	0.9435	1.0448	0.721107838241737	4
T03417	4	68911	9899855	2182	0.0304	0.0603	0.684976522429478	2
T03417	4	9903121	128497772	30666	-0.13	-0.08755	0.687110654703748	2
T03417	4	128497806	135775238	1598	0.0174	0.0603	0.652900756203892	2
T03417	4	135776832	190921709	14755	-0.1281	-0.08755	0.684846539709737	2
T03417	5	113577	11878654	4014	1.7234	1.73520261185784	0.698795417538255	7
T03417	5	11882981	43249760	8025	1.0056	1.0448	0.730459480892761	4
T03417	5	43251390	54763074	2011	0.528	0.545146253875287	0.828982385763035	3
T03417	5	54769420	172864110	30263	0.1877	0.2184	0.708453328819042	2
T03417	5	172867337	180692321	1846	0.3404	0.370737029189501	0.660350008431912	3
T03417	6	184719	170908114	51732	0.971	1.0448	0.694752475345038	4
T03417	7	44167	153170494	43957	0.9978	1.0448	0.691584228321833	4
T03417	7	153170761	159119220	2043	1.162	1.0448	0.644479523940641	4
T03417	8	168484	4010007	1859	0.0384	0.0603	0.679765680058596	2
T03417	8	4011843	137688230	34829	-0.1101	-0.08755	0.690730447130569	2
T03417	8	137689302	146292734	1989	0.0603	0.0603	0.665105927811906	2
T03417	9	208549	128885064	28546	1.0432	1.0448	0.702032600898815	4
T03417	9	128899980	141011581	1982	1.2063	1.0448	0.670982685492142	4
T03417	10	104427	33850102	10428	-1.2434	-1.2156	0.721451620580029	1
T03417	10	33850159	42523239	1129	-0.9596	-1.2156	0.870427123424983	1
T03417	10	42523461	48587505	931	-0.1332	-0.08755	0.808341405715945	2
T03417	10	48589044	127990196	20672	0.1013	0.0603	0.689259501358581	2
T03417	10	127990427	129883110	547	-0.4538	-0.363141004739341	0.879807093784468	2
T03417	10	129883780	135426536	1526	-1.2315	-1.2156	0.916278946166524	1
T03417	11	230751	134938470	38224	1.063	1.0448	0.713955567486681	4
T03417	12	180185	133777562	33063	-0.0756	-0.08755	0.697052360347363	2
T03417	13	19450806	73815860	14892	-1.6913	-1.6913	0.779054361005165	1
T03417	13	73815899	80878033	2152	-1.8634	-1.6913	0.75880551606734	1
T03417	13	80883600	115095705	10636	-1.6243	-1.6913	0.750886786282928	1
T03417	14	20511673	107285437	26698	-0.0995	-0.08755	0.675522431300338	2
T03417	15	22809980	102429049	24826	1.0464	1.0448	0.692513213557705	4
T03417	16	89561	6873768	2051	0.1097	0.0603	0.647131569426806	2
T03417	16	6873788	29841225	6212	-0.0364	-0.08755	0.691383070484571	2
T03417	16	29861447	31770723	158	-0.5848	-0.538939161403331	1.05607765370059	1
T03417	16	31781419	46583025	190	-0.7538	-0.737971608448511	1.03981380034438	1
T03417	16	46608809	83122828	10041	-1.38	-1.2156	0.746824807748024	1
T03417	16	83123432	90146366	2002	-1.1997	-1.2156	0.708918282909542	1
T03417	17	18901	70916182	15397	0.0081	-0.08755	0.667454141539874	2
T03417	17	70916464	81041938	1865	0.2184	0.2184	0.635192339171165	2
T03417	18	136305	78010194	20574	-0.0645	-0.08755	0.689918710892373	2
T03417	19	260912	19887108	2276	1.204	1.0448	0.69267835743645	4
T03417	19	19887292	28531362	1201	1.0221	1.0448	0.642954908543486	4
T03417	19	28542885	58956888	6791	1.1571	1.0448	0.670205112162996	4
T03417	20	61795	62912463	16018	-3e-04	-0.08755	0.672585236017073	2
T03417	21	15129378	48084820	10341	0.249	0.2184	0.689037697240575	2
T03417	22	16888900	26292659	2040	-1.0922	-1.2156	0.73624361975298	1
T03417	22	26292808	35035477	2776	-1.251	-1.2156	0.724579047444354	1
T03417	22	35036264	51177928	3769	-1.0831	-1.2156	0.74198884519938	1
T03417	23	169805	1626271	263	-0.2191	-0.08755	1.39389543351372	2
T03417	23	1630605	2703633	436	-0.1942	-0.08755	1.15416232575938	2
T03417	23	2710840	155233098	21374	-2.3964	-2.38779022815539	0.886885923183092	1
