ID	chrom	loc.start	loc.end	num.mark	seg.mean	seg.med	probes.Sd	estimCopy
N11143	1	564621	144893050	36461	-0.991933940445806	-0.995933940445806	0.814080671902473	1
N11143	1	144896319	145743096	90	-0.265933940445806	-0.285983940445806	1.14382237262838	2
N11143	1	145747463	249198692	34673	0.730566059554194	0.752616059554194	0.823962117935916	3
N11143	2	15703	117030332	36435	-0.737033940445806	-0.995933940445806	0.809230761871522	1
N11143	2	117037980	118531564	474	-1.90073394044581	-2.43193394044581	1.11534529092954	1
N11143	2	118532317	124756339	2066	-2.51133394044581	-2.43193394044581	0.882306564841812	1
N11143	2	124762228	138324663	4085	-0.713533940445806	-0.995933940445806	0.815231764180487	1
N11143	2	138333896	145220163	2094	-2.43193394044581	-2.43193394044581	0.945719045584717	1
N11143	2	145221637	154414033	2486	-1.99193394044581	-2.43193394044581	1.14534711902688	1
N11143	2	154414139	166659327	3114	-0.905033940445806	-0.995933940445806	0.952722876244146	1
N11143	2	166659742	168480738	508	-1.64373394044581	-1.64743394044581	1.16009628137887	1
N11143	2	168483317	171546213	1191	-2.43613394044581	-2.43193394044581	0.939698828128304	1
N11143	2	171557584	172684403	281	-1.28443394044581	-0.995933940445806	1.03566821602374	1
N11143	2	172686290	178206153	1823	-2.38703394044581	-2.43193394044581	1.03544388570204	1
N11143	2	178209345	180922263	850	-1.12363394044581	-0.995933940445806	1.00267351060338	1
N11143	2	180925205	230325123	14308	-0.769633940445806	-0.995933940445806	0.786644433349525	1
N11143	2	230325226	236555247	2096	-0.999933940445806	-0.995933940445806	0.896038643393601	1
N11143	2	236555503	243048760	2007	-0.711933940445806	-0.995933940445806	0.840336073141532	1
N11143	3	69244	17555377	8078	0.0453660595541937	0.0144160595541937	0.785946365958947	2
N11143	3	17589880	24089253	2062	-0.318733940445806	-0.285983940445806	0.819610640524267	2
N11143	3	24091756	71422212	16112	0.0253660595541937	0.0144160595541937	0.811828197839104	2
N11143	3	71425370	77116659	2018	-0.197533940445806	-0.285983940445806	0.873686027026603	2
N11143	3	77121706	86477601	2063	-0.921433940445806	-0.995933940445806	0.784504616011492	1
N11143	3	86478022	99367163	2026	-0.403133940445806	-0.285983940445806	0.898715387668441	2
N11143	3	99370604	155077939	16104	-0.0189339404458063	0.0144160595541937	0.807064281116179	2
N11143	3	155078475	162236534	2029	-0.581533940445806	-0.568022878743557	0.940269363208534	1
N11143	3	162236885	176805416	3996	-0.0322339404458063	0.0144160595541937	0.825880733968925	2
N11143	3	176807314	185242212	2071	-0.980833940445806	-0.995933940445806	0.823154919633105	1
N11143	3	185246257	197856433	4020	-0.0452339404458063	0.0144160595541937	0.814901702737494	2
N11143	4	45410	2117597	304	-0.306033940445806	-0.285983940445806	1.06369316225833	2
N11143	4	2119081	190921709	55604	0.0148660595541937	0.0144160595541937	0.791655213600784	2
N11143	5	36344	180692833	56335	0.0139660595541936	0.0144160595541937	0.815063210182059	2
N11143	6	203249	170918031	56009	-0.0358339404458063	0.0144160595541937	0.811235139339746	2
N11143	7	43259	159119220	46895	0.0211660595541937	0.0144160595541937	0.795459125454423	2
N11143	8	161222	124718333	40466	-0.900933940445806	-0.995933940445806	0.799230225860195	1
N11143	8	124720203	126328428	599	-1.25613394044581	-0.995933940445806	0.962124934139833	1
N11143	8	126328512	128707295	994	-2.00903394044581	-2.43193394044581	1.22088318737284	1
N11143	8	128707406	129798114	479	-1.31133394044581	-0.995933940445806	0.959339825455765	1
N11143	8	129798970	146293414	6028	-0.909233940445806	-0.995933940445806	0.845164214358445	1
N11143	9	37747	9632921	5500	0.00096605955419371	0.0144160595541937	0.781399978839466	2
N11143	9	9633427	10029787	232	-0.362633940445806	-0.285983940445806	1.05337321731884	2
N11143	9	10035658	37669352	10824	0.0149660595541937	0.0144160595541937	0.80079121167095	2
N11143	9	37671654	141071475	24831	-0.911633940445806	-0.995933940445806	0.822590724275746	1
N11143	10	104427	135434551	48097	-1.00133394044581	-0.995933940445806	0.811802327186884	1
N11143	11	198510	32795973	12103	0.0257660595541936	0.0144160595541937	0.8051044435874	2
N11143	11	32796092	37675164	2031	-0.203133940445806	-0.285983940445806	0.796089293782793	2
N11143	11	37675327	56654147	4050	-0.820033940445806	-0.995933940445806	0.949496483548351	1
N11143	11	56655750	134944770	26241	-0.000733940445806325	0.0144160595541937	0.816601448614442	2
N11143	12	161382	133777645	42452	-1.01653394044581	-0.995933940445806	0.816660629249131	1
N11143	13	19045720	115106996	34060	-1.00803394044581	-0.995933940445806	0.805644691249708	1
N11143	14	20211644	52289589	10013	-1.01663394044581	-0.995933940445806	0.804592458364674	1
N11143	14	52293962	63660125	4004	-1.39703394044581	-0.995933940445806	0.822399669459813	1
N11143	14	63662691	77040457	4047	-2.01403394044581	-2.43193394044581	0.872954055771965	1
N11143	14	77043210	82395326	1970	-1.65113394044581	-1.64743394044581	0.853056105201036	1
N11143	14	82395565	88544546	2036	-1.23043394044581	-0.995933940445806	0.809768371819517	1
N11143	14	88550163	107285437	5963	-0.991633940445806	-0.995933940445806	0.83117298067136	1
N11143	15	20071673	102400037	26014	0.0229660595541937	0.0144160595541937	0.813746443246453	2
N11143	16	86671	90163275	27567	-0.334633940445806	-0.285983940445806	0.823165790486465	2
N11143	17	6689	81049726	20579	-0.196533940445806	-0.285983940445806	0.839406859756382	2
N11143	18	11543	78015057	26505	-0.0621339404458063	0.0144160595541937	0.809780991466996	2
N11143	19	260912	22769768	3951	0.641866059554194	0.648532105836129	0.895980747436919	3
N11143	19	22770132	30312350	1229	0.0870660595541938	0.0144160595541937	0.908390938133852	2
N11143	19	30312874	59095126	6680	-0.186833940445806	-0.285983940445806	0.849401234710727	2
N11143	20	61795	62912463	22820	-1.01663394044581	-0.995933940445806	0.818005203086948	1
N11143	21	10913441	48084820	12527	0.774666059554194	0.752616059554194	0.841193077564672	3
N11143	22	16055171	51219006	11424	-1.02143394044581	-0.995933940445806	0.853589757604302	1
N11143	23	152439	2643175	326	-1.90203394044581	-2.43193394044581	1.3334660326386	1
N11143	23	2643624	11938268	3380	-2.61363394044581	-2.43193394044581	0.929334873414887	1
N11143	23	11938482	20620559	2463	-2.86453394044581	-2.43193394044581	0.860705359923971	1
N11143	23	20627473	154925045	30589	-2.63413394044581	-2.43193394044581	0.887219393753155	1
N11143	24	2722506	28758193	347	-2.96783394044581	-2.43193394044581	0.931397904635058	1
