ID	chrom	loc.start	loc.end	num.mark	seg.mean	seg.med	probes.Sd	estimCopy
N11186A	1	564621	146709877	36639	-0.0126	-0.0104	0.979604507173254	2
N11186A	1	146710162	249198692	34585	0.9509	0.93545	0.997448556917298	4
N11186A	2	15703	243048760	73818	-2e-04	-0.0104	0.984306986890084	2
N11186A	3	69244	197856433	60579	0.0032	-0.0104	0.99749494742223	2
N11186A	4	45410	190921709	55908	0.034	-0.0104	0.987914781094777	2
N11186A	5	36344	180692833	56335	-0.0035	-0.0104	0.996241968979926	2
N11186A	6	203249	170918031	56009	0.0014	-0.0104	0.984382044670271	2
N11186A	7	43259	159119220	46895	0.0083	-0.0104	0.985070730221325	2
N11186A	8	161222	41064077	18212	-1.3669	-1.2915	1.02095570619397	1
N11186A	8	41069247	146293414	30354	-0.0089	-0.0104	0.989831154577081	2
N11186A	9	37747	141071475	41387	0.0109	-0.0104	0.98742109135726	2
N11186A	10	104427	135434551	48097	-0.0199	-0.0104	0.984508863018195	2
N11186A	11	198510	134944770	44425	-0.0119	-0.0104	0.976244806448538	2
N11186A	12	161382	133777645	42452	-0.013	-0.0104	0.996329008795744	2
N11186A	13	19045720	83144785	22098	-1.4026	-1.2915	0.994639953586019	1
N11186A	13	83155775	90753329	2078	-1.1244	-1.2915	0.938912888302724	1
N11186A	13	90756983	115106996	9884	-1.3615	-1.2915	0.983414115822449	1
N11186A	14	20211644	25689978	2065	-0.1031	-0.0104	0.970493114167947	2
N11186A	14	25690496	31243899	1547	0.1768	0.1768	0.979483678830896	2
N11186A	14	31243999	38200677	2438	-0.0542	-0.0104	1.02039182256139	2
N11186A	14	38203446	45257347	1956	0.2327	0.1768	1.10967910507395	2
N11186A	14	45259209	52286274	2003	1.0467	1.10577934794557	0.962699068209656	4
N11186A	14	52286370	55381790	1155	0.6263	0.68115	1.2878460602072	3
N11186A	14	55385327	107285437	16869	-1.458	-1.2915	1.03467188675968	1
N11186A	15	20071673	55303119	10067	0.0437	-0.0104	0.987271835135411	2
N11186A	15	55303287	85336806	8953	0.788	0.845407236659167	1.05189404307778	4
N11186A	15	85341859	86420195	362	-1.1029	-1.2915	1.35020009835789	1
N11186A	15	86420432	86918318	236	0.736	0.68115	1.32452015732305	3
N11186A	15	86922806	89024599	939	-0.9922	-1.2915	1.38311728438762	1
N11186A	15	89026568	90945443	623	0.521	0.5215	1.34975841755717	3
N11186A	15	90947304	91857951	335	-1.0177	-1.2915	1.32030672842685	1
N11186A	15	91863297	92974323	542	0.522	0.5215	1.35101194723155	3
N11186A	15	92974457	102400037	3957	0.92	0.93545	1.01681847137341	4
N11186A	16	86671	90163275	27567	-0.0362	-0.0104	1.00442762060643	2
N11186A	17	6689	81049726	20579	-0.0869	-0.0104	1.00721298136427	2
N11186A	18	11543	78015057	26505	0.0298	-0.0104	0.980043726369576	2
N11186A	19	260912	59095126	11860	-0.1122	-0.0104	1.05421293609594	2
N11186A	20	61795	62912463	22820	-0.0669	-0.0104	1.00316291518128	2
N11186A	21	10913441	48084820	12527	0.0463	-0.0104	1.01327783569875	2
N11186A	22	16055171	51219006	11424	-0.0675	-0.0104	1.02836276940179	2
N11186A	23	152439	99516773	22506	-1.2915	-1.2915	0.997946145776142	1
N11186A	23	99517548	109938188	2009	-0.5934	-0.574987271791421	1.17763901256936	1
N11186A	23	109938369	154925045	12243	0.1102	0.1768	0.956936881887124	2
N11186A	24	2722506	6608568	115	-4.3709	-3.37520377537814	2.7127156838656	1
N11186A	24	6615362	28758193	232	-8.0026	-7.83572197395046	2.63882749837553	1
