ID	chrom	loc.start	loc.end	num.mark	seg.mean	seg.med	probes.Sd	estimCopy
N07059A	1	564621	249198692	71224	-0.0784	-0.0241	0.998702877242773	2
N07059A	2	15703	38424800	14355	0.0635	-0.0241	0.979967077085538	2
N07059A	2	38425107	43804229	2092	-0.3152	-0.26695	1.0023918768516	2
N07059A	2	43805983	243048760	57371	-0.05	-0.0241	0.986422640650495	2
N07059A	3	69244	197856433	60579	-0.0469	-0.0241	0.995826196195378	2
N07059A	4	45410	190921709	55908	-0.0137	-0.0241	0.98262696833095	2
N07059A	5	36344	180692833	56335	-0.0399	-0.0241	1.00530764538414	2
N07059A	6	203249	161609279	52051	-0.0859	-0.0241	1.00000048778302	2
N07059A	6	161609900	170918031	3958	0.1965	0.1869	0.986822578835052	2
N07059A	7	43259	159119220	46895	-0.0275	-0.0241	0.990194369451966	2
N07059A	8	161222	124723379	40469	-0.0063	-0.0241	0.992527917578378	2
N07059A	8	124723631	129798114	2069	-0.3445	-0.5261	1.04349755069243	1
N07059A	8	129798970	146293414	6028	-0.0073	-0.0241	1.01152506122722	2
N07059A	9	37747	141071475	41387	-0.0216	-0.0241	0.999376215359734	2
N07059A	10	104427	135434551	48097	-0.0414	-0.0241	0.998279631035735	2
N07059A	11	198510	65093190	20236	-0.0241	-0.0241	0.986957526468776	2
N07059A	11	65102267	74375695	1986	0.6953	0.740404251941582	1.20593405148692	3
N07059A	11	74390321	130733185	20227	1.1018	1.11524639467095	0.99839051689074	4
N07059A	11	130733365	134944770	1976	1.4203	1.43394944061845	0.999694357917137	5
N07059A	12	161382	17514609	6112	-0.1388	-0.0241	1.01867173996284	2
N07059A	12	17518747	23276299	1898	0.1131	0.1869	0.945350034832539	2
N07059A	12	23277010	128792617	32463	-0.1112	-0.0241	0.994845091484398	2
N07059A	12	128797746	133777645	1979	0.1869	0.1869	1.03919863199917	2
N07059A	13	19045720	115106996	34060	-1.8724	-1.7458	1.05682196631226	1
N07059A	14	20211644	106008645	27952	-0.0382	-0.0241	0.997568924196656	2
N07059A	14	106078690	107285437	81	-0.7077	-0.5261	1.64204634086238	1
N07059A	15	20071673	29521322	2002	0.222	0.1869	0.997567148477032	2
N07059A	15	29521751	102400037	24012	-0.0619	-0.0241	0.996888276202946	2
N07059A	16	86671	90163275	27567	0.0507	-0.0241	1.00746345697343	2
N07059A	17	6689	81049726	20579	-0.0816	-0.0241	1.02600708266584	2
N07059A	18	11543	78015057	26505	0.0419	-0.0241	0.996078695893897	2
N07059A	19	260912	59095126	11860	0.0263	-0.0241	1.0483001621116	2
N07059A	20	61795	62912463	22820	-0.0165	-0.0241	1.0015223467402	2
N07059A	21	10913441	33292070	6795	0.0228	-0.0241	1.01581388473473	2
N07059A	21	33297484	37575535	1612	-0.2187	-0.26695	1.04913290655595	2
N07059A	21	37577586	48084820	4120	0.0398	-0.0241	1.05385110734738	2
N07059A	22	16055171	51219006	11424	0.0056	-0.0241	1.04032601553819	2
N07059A	23	152439	110120176	24558	-1.7458	-1.7458	1.0713841027803	1
N07059A	23	110130584	117314147	1988	-1.4675	-1.7458	1.11871158656738	1
N07059A	23	117314303	154925045	10212	0.1334	0.1869	0.991812965642341	2
N07059A	24	2722506	6608568	115	-4.5172	-3.63830860283917	2.51237679664988	1
N07059A	24	6615362	28758193	232	-7.4247	-7.2104902292299	2.57077275733579	1
