ID	chrom	loc.start	loc.end	num.mark	seg.mean	seg.med	probes.Sd	estimCopy
N10990	1	564621	21072577	6032	-0.0389	-0.01035	0.891199841936772	2
N10990	1	21094433	21642413	99	-0.8486	-0.9055	1.29265079753229	1
N10990	1	21643745	146708167	30507	-0.0133	-0.01035	0.888345946246743	2
N10990	1	146709877	249198692	34586	0.9503	0.9503	0.912673307460144	4
N10990	2	15703	103755312	32806	0.0046	-0.01035	0.893535368931747	2
N10990	2	103757033	132095291	8214	-1.1238	-0.9055	0.933198088399649	1
N10990	2	132095957	243048760	32798	-0.0271	-0.01035	0.891918129801157	2
N10990	3	69244	62029281	22264	-0.0023	-0.01035	0.897828800611165	2
N10990	3	62032584	65332382	1662	0.1983	0.2108	0.851074894087326	2
N10990	3	65333053	197856433	36653	0.0049	-0.01035	0.891478454413267	2
N10990	4	45410	190921709	55908	0.026	-0.01035	0.890095674152983	2
N10990	5	36344	19388111	8049	0.9523	0.9503	0.923224506822711	4
N10990	5	19391360	27632264	2011	0.6112	0.62398989840691	0.990465717414211	3
N10990	5	27652143	180692833	46275	0.0107	-0.01035	0.888401323791474	2
N10990	6	203249	64691171	22004	-0.0398	-0.01035	0.895585919980311	2
N10990	6	64697417	71220670	1995	-0.566	-0.566	1.07574434647933	1
N10990	6	71229340	170918031	32010	-1.153	-0.9055	0.913537128443082	1
N10990	7	43259	31799663	12231	0.9158	0.9503	0.912667893356074	4
N10990	7	31799990	37435272	2038	0.4564	0.498	1.03725517864641	3
N10990	7	37435506	145249639	28049	0.0111	-0.01035	0.901027078858905	2
N10990	7	145249731	146935930	474	-0.8644	-0.9055	1.2122858059636	1
N10990	7	146938868	159119220	4103	-1.6104	-1.57615	0.929440489542774	1
N10990	8	161222	33181829	16212	-1.5238	-1.57615	0.962059159455853	1
N10990	8	33185211	34998136	477	-0.4819	-0.566	1.29457940165789	1
N10990	8	35003886	111657556	19787	-0.008	-0.01035	0.892528922392528	2
N10990	8	111658091	115442421	815	0.5396	0.498	1.21217970583107	3
N10990	8	115442674	134570503	7225	2.012	2.04369188188383	0.98110131254819	8
N10990	8	134570931	146293414	4050	1.6359	1.64868729440789	0.941490055937266	6
N10990	9	37747	8712365	4990	0.0062	-0.01035	0.899707969412205	2
N10990	9	8712601	9162669	250	-0.4822	-0.566	1.16245239509768	1
N10990	9	9173304	86304899	17489	0.0393	-0.01035	0.897095482562727	2
N10990	9	86304965	86669915	46	-0.7971	-0.9055	0.804382960041023	1
N10990	9	86671765	141071475	18612	-0.0139	-0.01035	0.8926674169249	2
N10990	10	104427	27256136	12067	-1.6277	-1.57615	0.960488957621606	1
N10990	10	27256462	31962571	1956	-1.2189	-0.9055	1.12527079417236	1
N10990	10	31966507	32970242	302	0.0649	-0.01035	0.963001418363542	2
N10990	10	32972005	33676910	260	-0.7791	-0.9055	1.27074579131591	1
N10990	10	33677323	135434551	33512	-0.0228	-0.01035	0.901853601893921	2
N10990	11	198510	74359066	22212	-0.0078	-0.01035	0.887839102225023	2
N10990	11	74364566	80399413	2020	-0.5714	-0.566	0.999077014807248	1
N10990	11	80399615	101049347	7357	-1.466	-1.57615	0.978343468666608	1
N10990	11	101050704	102793246	605	-4.2809	-5.31235	1.94408947533272	1
N10990	11	102797829	109683009	2148	-1.545	-1.57615	0.937229485390931	1
N10990	11	109685867	110222049	167	-0.6696	-0.566	1.36774092869144	1
N10990	11	110222509	134944770	9916	-0.067	-0.01035	0.91870007784182	2
N10990	12	161382	77402966	23787	-0.0218	-0.01035	0.902603369439853	2
N10990	12	77404174	77956177	264	-0.6869	-0.566	1.28742574565292	1
N10990	12	77957779	133777645	18401	-0.0104	-0.01035	0.893825438689531	2
N10990	13	19045720	115106996	34060	-1.5687	-2.2212	0.929794238361413	1
N10990	14	20211644	32782791	4004	-0.2964	-0.265546394182958	0.931895441114065	2
N10990	14	32787754	37899888	2004	-0.8439	-0.9055	1.06447799587452	1
N10990	14	37901139	82497798	14059	-1.496	-1.57615	0.938381472702326	1
N10990	14	82507338	88438448	1969	-1.1218	-0.9055	0.907737869043375	1
N10990	14	88450770	94507520	2035	-0.4556	-0.566	0.982962195471387	1
N10990	14	94508242	107285437	3962	-0.0157	-0.01035	0.89225009342623	2
N10990	15	20071673	102400037	26014	-0.026	-0.01035	0.895621661036299	2
N10990	16	86671	90163275	27567	-0.0403	-0.01035	0.904455535997954	2
N10990	17	6689	7974498	2101	-1.6742	-1.57615	0.955032536128557	1
N10990	17	7987516	13183210	2015	-1.3384	-0.9055	1.19003003248074	1
N10990	17	13183473	81049726	16463	-0.0248	-0.01035	0.898856401946148	2
N10990	18	11543	77067939	26280	0.038	-0.01035	0.887826553899044	2
N10990	18	77068353	78015057	225	-0.9055	-0.9055	1.32073463284078	1
N10990	19	260912	988136	75	0.9506	1.0182	1.54507152147196	4
N10990	19	998126	8313012	1194	1.6715	1.70776994234	1.06358853028932	7
N10990	19	8314853	15799571	1364	1.1996	1.21136642827822	1.00988039795335	5
N10990	19	15800153	22381476	1230	0.2233	0.2108	1.0566860061464	2
N10990	19	22382080	59095126	7997	-0.0329	-0.01035	0.937375113387946	2
N10990	20	61795	62912463	22820	-0.0103	-0.01035	0.901207878448415	2
N10990	21	10913441	48084820	12527	0.0152	-0.01035	0.91611710656416	2
N10990	22	16055171	40684060	7616	-0.0311	-0.01035	0.941880880512493	2
N10990	22	40687757	51219006	3808	-1.6073	-1.57615	1.07291156329173	1
N10990	23	152439	124628931	28633	0.1025	-0.01035	0.876929975100685	2
N10990	23	124630159	134079811	2042	0.6797	0.694678841272431	0.972466473750879	3
N10990	23	134087204	154925045	6083	1.0858	1.0182	0.875661874331571	4
N10990	24	2722506	6608568	115	-2.8737	-2.2212	2.65536925794047	1
N10990	24	6615362	28758193	232	-6.3438	-5.31235	2.23508413760604	1
