ID	chrom	loc.start	loc.end	num.mark	seg.mean	seg.med	probes.Sd	estimCopy
T01847	1	888659	51125160	9561	-0.0387	8e-04	0.833972382126802	2
T01847	1	51132706	51394098	43	-1.3334	-1.18175	2.27999395147872	1
T01847	1	51412121	51476972	14	-5.3262	-6.1293542698171	3.56871967079797	1
T01847	1	51477088	53240829	293	-0.3261	-0.2815	1.19465100095832	2
T01847	1	53252969	99566473	12770	-0.0306	8e-04	0.777881378170314	2
T01847	1	99574436	104952175	1477	-0.2815	-0.2815	0.924347889855785	2
T01847	1	104954647	107456954	621	-0.8438	-0.8397	1.17841132854655	1
T01847	1	107458368	144033939	3437	-1.4485	-1.45025	0.936371892284645	1
T01847	1	144034888	145093893	18	0.3288	0.335	1.46246321878967	3
T01847	1	145104042	249198692	27519	1.2074	1.21305	0.803818313513355	5
T01847	2	15703	242775910	61869	-0.0113	8e-04	0.789151472657766	2
T01847	3	62614	197851260	51885	4e-04	8e-04	0.799913975051502	2
T01847	4	68911	190921709	49201	0.0074	8e-04	0.795963846097867	2
T01847	5	113577	180692321	46160	1.2463	1.27085	0.799109292001426	5
T01847	6	184719	81265682	24252	0.0144	8e-04	0.7928272393731	2
T01847	6	81266271	81700482	170	-0.5387	-0.485105961883663	1.25975226883057	2
T01847	6	81700518	136848513	16351	-0.0375	8e-04	0.819614710672422	2
T01847	6	136850687	138703205	595	-0.8356	-0.8397	1.19599472749266	1
T01847	6	138703243	164840119	8305	-1.4656	-1.45025	0.841538549642442	1
T01847	6	164841643	170908114	2059	-0.7445	-0.8397	1.17029213843686	1
T01847	7	44167	159119220	46000	0.0143	8e-04	0.780882549632937	2
T01847	8	168484	36037273	12256	-1.452	-1.45025	0.86699108670148	1
T01847	8	36041834	49558124	1989	-1.0301	-1.18175	1.19543608077921	1
T01847	8	49563320	146292734	24431	0.0045	8e-04	0.791704589420968	2
T01847	9	208549	141011581	30528	1.2187	1.21305	0.820991430405223	5
T01847	10	104427	135426536	35233	0.0012	8e-04	0.794189656158252	2
T01847	11	230751	134938470	38224	1.201	1.21305	0.814324782009987	5
T01847	12	180185	7642785	2065	-0.0589	8e-04	0.761833180225887	2
T01847	12	7643246	30612837	6212	-0.8556	-0.8397	0.822706244384006	1
T01847	12	30613123	133777562	24786	-0.0708	8e-04	0.790706074847528	2
T01847	13	19450806	115095705	27680	-0.0069	8e-04	0.786559587256155	2
T01847	14	20511673	107285437	26698	-0.0656	8e-04	0.786881636987697	2
T01847	15	22809980	79118296	16608	1.3475	1.37026954064132	0.783863724408277	5
T01847	15	79123338	86464147	1935	1.8517	1.86613834806121	0.879889173456221	7
T01847	15	86464259	92535602	2138	1.6396	1.64296788803867	0.840836198147423	6
T01847	15	92537445	102429049	4145	1.2954	1.27085	0.814969393988205	5
T01847	16	89561	90146366	20654	0.002	8e-04	0.80274158917497	2
T01847	17	18901	81041938	17262	0.0118	8e-04	0.819259873244446	2
T01847	18	136305	78010194	20574	0.0076	8e-04	0.798103422206082	2
T01847	19	260912	58956888	10268	1.2193	1.21305	0.821191217549872	5
T01847	20	61795	22885710	7169	-0.1888	-0.2815	0.818434758451439	2
T01847	20	22891923	62912463	8849	0.0022	8e-04	0.793993461894584	2
T01847	21	15129378	48084820	10341	1.0516	1.07530637451514	0.830057527893151	4
T01847	22	16888900	51177928	8585	0.072	8e-04	0.839208138870569	2
T01847	23	169805	67381901	10089	-1.4158	-1.45025	0.888641332209544	1
T01847	23	67382312	86015537	1999	-0.174	8e-04	1.17213812057205	2
T01847	23	86015593	155233098	9985	0.3412	0.335	0.844975307725319	3
