ID	chrom	loc.start	loc.end	num.mark	seg.mean	seg.med	probes.Sd	estimCopy
N07872	1	564621	249198692	71224	-0.0094	0.00035	0.877107771700386	2
N07872	2	15703	243048760	73818	0.0086	0.00035	0.882582054979037	2
N07872	3	69244	197856433	60579	0.002	0.00035	0.889400173550098	2
N07872	4	45410	152789786	43546	0.0321	0.00035	0.874859607377393	2
N07872	4	152791533	190921709	12362	0.0065	0.00035	0.900385701196761	2
N07872	5	36344	8701920	4114	1.2329	1.2178	0.912636818759803	5
N07872	5	8702522	8725777	4	-2.2923	-1.5466	0.850660608149946	1
N07872	5	8743390	180692833	52217	1.1034	1.076	0.897433545067829	4
N07872	6	203249	137900507	44007	-0.0501	0.00035	0.883765977878088	2
N07872	6	137900707	144725222	1999	-1.5466	-1.5466	1.04746154610833	1
N07872	6	144725348	170918031	10003	0.0391	0.00035	0.888236221701255	2
N07872	7	43259	7667312	2086	-0.4248	-0.4677	1.0904476555292	2
N07872	7	7671662	159119220	44809	0.0029	0.00035	0.880302864159771	2
N07872	8	161222	74013639	26307	0.0666	0.00035	0.879774045104693	2
N07872	8	74015005	75546249	536	-0.6712	-0.4677	1.11229618061355	2
N07872	8	75546775	75775144	69	-4.2705	-4.36695	2.23628326145097	1
N07872	8	75793077	75993645	57	-0.845	-0.4677	1.35509789965913	2
N07872	8	76002787	78218666	591	-4.2184	-4.36695	1.98296298163492	1
N07872	8	78218964	78367125	32	-0.8575	-1.5466	1.82186407977043	1
N07872	8	78370662	78593877	57	-4.2966	-4.36695	2.04333031632492	1
N07872	8	78593899	81438420	691	-1.27	-1.5466	1.85155892619723	1
N07872	8	81447148	119105288	10108	-0.0074	0.00035	0.873708399707597	2
N07872	8	119106765	119540604	225	-0.3471	-0.4677	1.1102094030562	2
N07872	8	119552755	122738424	1099	-1.4185	-2.2346	1.18263567826395	1
N07872	8	122743912	122998982	83	-0.6339	-0.4677	1.16002850136462	2
N07872	8	123000040	134570503	4661	-0.1075	0.00035	0.911917834861548	2
N07872	8	134570931	139207792	2036	-1.0637	-1.5466	1.12340614618257	1
N07872	8	139208813	146293414	2014	-0.3304	-0.4677	1.12146318618244	2
N07872	9	37747	7389463	4195	1.0608	1.076	0.881408187217017	4
N07872	9	7389700	10983898	1927	1.3539	1.39033592823255	0.834202677093071	5
N07872	9	10987774	141071475	35265	1.1112	1.076	0.895039615496813	4
N07872	10	104427	135434551	48097	0.0207	0.00035	0.8821296476847	2
N07872	11	198510	37847280	14178	-0.0013	0.00035	0.888171925168448	2
N07872	11	37848312	64748278	6012	0.2352	0.2207	0.935182481767412	2
N07872	11	64772545	130733185	22259	1.076	1.076	0.905109962380742	4
N07872	11	130733365	134944770	1976	1.3272	1.33982040253369	0.922511713240905	5
N07872	12	161382	56586249	17413	-0.0668	0.00035	0.895241932382233	2
N07872	12	56586298	58106836	253	-0.5478	-0.4677	1.18945466351743	2
N07872	12	58108419	80306722	7061	-0.0331	0.00035	0.887358568368866	2
N07872	12	80307062	82750624	718	-0.8814	-0.9157	1.17894935176248	1
N07872	12	82751483	133777645	17007	-0.0144	0.00035	0.892479999812138	2
N07872	13	19045720	115106996	34060	-1.754	-1.5466	0.93373637780423	1
N07872	14	20211644	82347524	20024	-0.0338	0.00035	0.881414070164823	2
N07872	14	82354342	88577493	2061	-0.95	-0.9157	1.13397013629598	1
N07872	14	88577528	107285437	5948	-0.015	0.00035	0.89808465340421	2
N07872	15	20071673	102400037	26014	1.0688	1.076	0.913765600154011	4
N07872	16	86671	13906889	6386	-1.7374	-1.5466	0.987200824274145	1
N07872	16	13915807	14975292	215	-1.0146	-1.5466	1.70880912302458	1
N07872	16	15125441	33940200	3973	1.2027	1.2178	1.00962102825155	5
N07872	16	34197818	34389162	27	-0.3089	-0.4677	1.83259591402459	2
N07872	16	34389487	48589062	315	-1.5332	-1.5466	1.02753215836472	1
N07872	16	48590588	48872078	62	-0.3094	-0.4677	1.18693265375517	2
N07872	16	48872346	52795940	1523	-1.5535	-1.5466	1.05151799885154	1
N07872	16	52796615	53559730	222	-0.4677	-0.4677	1.1659611873329	2
N07872	16	53562129	59381595	2122	1.5806	1.59622852891694	0.995399448401101	6
N07872	16	59382647	61565641	611	0.8942	1.076	1.31141069437072	4
N07872	16	61566036	72334370	2722	-1.6751	-1.5466	1.06252807358046	1
N07872	16	72334538	72587093	37	-4.4373	-4.36695	2.73514365227977	1
N07872	16	72592309	90163275	9352	-1.7353	-1.5466	0.954871717205829	1
N07872	17	6689	81049726	20579	-0.0241	0.00035	0.89773782363423	2
N07872	18	11543	18965522	5878	-1.7641	-1.5466	0.997115624301997	1
N07872	18	18979263	20020200	212	-0.7347	-0.4677	1.21004693379456	2
N07872	18	20032854	78015057	20415	0.0657	0.00035	0.876759716583362	2
N07872	19	260912	59095126	11860	1.1208	1.076	0.935024513876547	4
N07872	20	61795	16665890	7355	0.0193	0.00035	0.919778553833153	2
N07872	20	16665961	19179651	1108	-1.1895	-1.5466	1.27426327810104	1
N07872	20	19186224	19287399	40	-4.9888	-4.36695	2.48025967300564	1
N07872	20	19290983	20505658	678	-1.2612	-1.5466	1.25133275960283	1
N07872	20	20506795	62912463	13639	-0.0234	0.00035	0.900462861630652	2
N07872	21	10913441	48084820	12527	0.0502	0.00035	0.903708507459194	2
N07872	22	16055171	51219006	11424	0.0351	0.00035	0.905621302229615	2
N07872	23	152439	154925045	36758	0.2062	0.2207	0.868090123099419	2
N07872	24	2722506	6608568	115	-3.0507	-2.2346	3.0135236482205	1
N07872	24	6615362	28758193	232	-7.0817	-4.36695	2.45499525141133	1
