ID	chrom	loc.start	loc.end	num.mark	seg.mean	seg.med	probes.Sd	estimCopy
T01668	1	888659	115759393	26889	-0.0156	-0.0051	0.827262070105744	2
T01668	1	115760316	144957688	1341	0.2696	0.26135	1.09402075673898	2
T01668	1	144957815	150886782	539	0.8063	0.763429323166905	1.35550886349335	3
T01668	1	150887442	151955009	152	1.0407	1.05709797383078	1.27431665964475	4
T01668	1	151955230	249198692	26832	1.7275	1.7496225720947	0.876311709782389	7
T01668	2	15703	35819019	10227	0.0193	-0.0051	0.859536175668933	2
T01668	2	35825598	36086523	114	-1.1637	-0.997357273273195	1.68372808399816	1
T01668	2	36087642	242775910	51528	-0.0325	-0.0051	0.859533189334549	2
T01668	3	62614	197851260	51885	-0.0184	-0.0051	0.854060901323435	2
T01668	4	68911	190921709	49201	0.0069	-0.0051	0.864729965371526	2
T01668	5	113577	180692321	46160	4e-04	-0.0051	0.854137988220455	2
T01668	6	184719	104145151	31101	-0.016	-0.0051	0.842356325483798	2
T01668	6	104148183	110288776	1879	0.2531	0.26135	0.990225117068109	2
T01668	6	110293321	117740268	2068	0.0153	-0.0051	0.868866919559816	2
T01668	6	117740466	159340740	12598	-0.1816	-0.1854	0.838553314584889	2
T01668	6	159340868	170908114	4086	0.0453	-0.0051	0.854064805106601	2
T01668	7	44167	159119220	46000	-0.007	-0.0051	0.852383015144308	2
T01668	8	168484	146292734	38677	-0.0076	-0.0051	0.862419423291121	2
T01668	9	208549	141011581	30528	-0.0282	-0.0051	0.856048709637754	2
T01668	10	104427	135426536	35233	-0.0032	-0.0051	0.842021920519243	2
T01668	11	230751	134938470	38224	-0.0092	-0.0051	0.851216639110875	2
T01668	12	180185	111978144	27343	-0.0359	-0.0051	0.836988921237868	2
T01668	12	111980945	113990569	337	0.4927	0.4579	1.14052260734001	3
T01668	12	113993071	133777562	5383	0.0567	-0.0051	0.89993859111398	2
T01668	13	19450806	115095705	27680	-0.0099	-0.0051	0.866209086801911	2
T01668	14	20511673	107285437	26698	-0.0378	-0.0051	0.846304043566111	2
T01668	15	22809980	102429049	24826	-0.0245	-0.0051	0.839472868992326	2
T01668	16	89561	26703677	7735	0.0014	-0.0051	0.865225195305297	2
T01668	16	26704144	90146366	12919	-0.1892	-0.1854	0.874519907029145	2
T01668	17	18901	81041938	17262	0.0034	-0.0051	0.859166732334841	2
T01668	18	136305	78010194	20574	0.0153	-0.0051	0.843925994881938	2
T01668	19	260912	58956888	10268	0.0349	-0.0051	0.910605782367633	2
T01668	20	61795	62912463	16018	0.0056	-0.0051	0.849475988597999	2
T01668	21	15129378	48084820	10341	0.0336	-0.0051	0.859463196226243	2
T01668	22	16888900	21150340	997	-0.0605	-0.0051	0.981765998557487	2
T01668	22	21151157	25931437	905	0.4231	0.4579	1.04505371838433	3
T01668	22	25931580	51177928	6683	0.0229	-0.0051	0.89236114516471	2
T01668	23	169805	2692710	697	-0.2447	-0.0051	1.19551798256394	2
T01668	23	2693624	154982709	21283	-3.0631	-3.05165790263074	1.13759952990571	1
T01668	23	154983133	155233098	93	-0.8907	-0.55985482008548	1.75753135889298	1
