ID	chrom	loc.start	loc.end	num.mark	seg.mean	seg.med	probes.Sd	estimCopy
N07783	1	564621	249198692	71224	-0.062	-0.0148	0.999241006290777	2
N07783	2	15703	5931897	2335	0.1678	0.17535	1.02078253131527	2
N07783	2	5932653	243048760	71483	-0.0475	-0.0148	1.00742091072021	2
N07783	3	69244	15716462	7453	0.0472	-0.0148	0.991675295686577	2
N07783	3	15717614	15889398	45	-1.7224	-1.74434998050026	1.72296000604061	1
N07783	3	15906997	62013654	14757	-0.0148	-0.0148	1.00325052926231	2
N07783	3	62015162	66858561	2262	0.2135	0.17535	0.998975749131954	2
N07783	3	66859170	197856433	36062	-0.0806	-0.0148	1.01273286263623	2
N07783	4	45410	128114533	37328	0.0053	-0.0148	0.965307593435537	2
N07783	4	128119151	137009750	2014	0.2386	0.17535	0.920628581451845	2
N07783	4	137018385	148437554	3198	-0.0258	-0.0148	0.947663443431777	2
N07783	4	148438715	159352869	3077	-0.2306	-0.20845	0.968342170891592	2
N07783	4	159362286	190921709	10291	0.0063	-0.0148	0.957153288706002	2
N07783	5	36344	180692833	56335	-0.0339	-0.0148	1.00967142179336	2
N07783	6	203249	13063824	6002	-0.0787	-0.0148	0.98248353991848	2
N07783	6	13066297	18187894	2009	-0.3866	-0.20845	1.07244366507126	2
N07783	6	18187916	23170014	1985	0.1055	-0.0148	1.01071756682199	2
N07783	6	23170986	34617902	4049	-0.3015	-0.20845	1.0291836126329	2
N07783	6	34618893	91517782	16020	-0.0506	-0.0148	0.997869446220955	2
N07783	6	91521133	105146360	3941	0.1923	0.17535	0.917237252138889	2
N07783	6	105146656	118904622	4045	-0.217	-0.20845	1.00994491728094	2
N07783	6	118905151	126308553	2240	0.069	-0.0148	0.991522508202826	2
N07783	6	126308752	161609279	11760	-0.1749	-0.20845	1.01803420926283	2
N07783	6	161609900	170918031	3958	0.0529	-0.0148	1.0233112301412	2
N07783	7	43259	4173613	1125	-0.0128	-0.0148	1.19347366982503	2
N07783	7	4174480	5108770	311	-0.9813	-0.941758506632081	1.39599337715353	1
N07783	7	5113201	159119220	45459	-0.0262	-0.0148	0.999386940501166	2
N07783	8	161222	111647057	36474	-0.0264	-0.0148	0.991994645210773	2
N07783	8	111647664	119095022	1969	0.195	0.17535	0.894230901404694	2
N07783	8	119095747	129798114	4095	-0.1999	-0.20845	1.03129326876729	2
N07783	8	129798970	146293414	6028	0.0369	-0.0148	1.02552990283298	2
N07783	9	37747	7296644	4122	-0.1484	-0.20845	0.977792445057754	2
N07783	9	7297075	30998678	10364	0.1056	0.17535	0.945814303790169	2
N07783	9	31004834	75127543	4191	-0.1959	-0.20845	1.02067912152318	2
N07783	9	75127848	81013826	2079	0.0317	-0.0148	0.922537650384581	2
N07783	9	81014825	86044820	1864	0.2584	0.17535	0.93344270366982	2
N07783	9	86045872	115216321	10554	-0.0424	-0.0148	0.960081383611723	2
N07783	9	115218388	124995282	4053	0.1578	0.17535	0.964217411412441	2
N07783	9	124999952	141071475	4160	-0.0452	-0.0148	0.987384516364134	2
N07783	10	104427	56173100	20095	-0.0716	-0.0148	0.996376774892962	2
N07783	10	56173151	61063157	1597	0.1605	0.17535	0.893524688770307	2
N07783	10	61067088	130560053	24444	-0.0405	-0.0148	1.00196505793953	2
N07783	10	130566523	135434551	1961	0.2365	0.17535	1.02626221617032	2
N07783	11	198510	37848312	14179	-0.0446	-0.0148	0.990015876829181	2
N07783	11	37851515	43891637	1973	0.1821	0.17535	0.941897067887252	2
N07783	11	43891694	130748131	26307	-0.0505	-0.0148	1.01033788220056	2
N07783	11	130748227	134944770	1966	0.2647	0.17535	0.931996883771458	2
N07783	12	161382	17501767	6108	-0.1916	-0.20845	1.04225263172818	2
N07783	12	17508045	23648700	1978	0.1641	0.17535	0.973161657496574	2
N07783	12	23648784	124499542	30366	-0.103	-0.0148	0.995729729803602	2
N07783	12	124499882	133777645	4000	0.1686	0.17535	0.993032465404944	2
N07783	13	19045720	115106996	34060	0.0135	-0.0148	0.989006270179909	2
N07783	14	20211644	25612174	2045	-0.382	-0.20845	1.01949638018068	2
N07783	14	25616536	32782791	1959	0.1341	0.17535	0.958412599635473	2
N07783	14	32787754	38249210	2058	-0.151	-0.20845	1.04386903551899	2
N07783	14	38258326	49805181	3074	0.0668	0.17535	0.988538623588145	2
N07783	14	49805234	77059672	8939	-0.1973	-0.20845	1.00748091256514	2
N07783	14	77061503	107285437	9958	0.0233	-0.0148	1.01536780550522	2
N07783	15	20071673	102400037	26014	-0.0809	-0.0148	1.01038712019545	2
N07783	16	86671	75095695	19086	0.0456	-0.0148	0.990282496788036	2
N07783	16	75099566	84698110	6334	-0.3285	-0.20845	1.0188101042981	2
N07783	16	84698394	90163275	2147	0.0121	-0.0148	1.05362367502607	2
N07783	17	6689	67472912	16506	-0.0865	-0.0148	1.01120450086983	2
N07783	17	67476470	72546965	2009	0.1426	0.17535	1.01465948287173	2
N07783	17	72547434	81049726	2064	-0.1773	-0.20845	1.07264320645473	2
N07783	18	11543	62611185	20431	-0.0203	-0.0148	0.988231370329897	2
N07783	18	62611829	78015057	6074	0.1909	0.17535	0.952519541686827	2
N07783	19	260912	59095126	11860	0.0219	-0.0148	1.05744430971087	2
N07783	20	61795	41734588	14511	-0.0112	-0.0148	1.00880376120256	2
N07783	20	41734761	53144245	4204	-0.2364	-0.20845	1.04421958558563	2
N07783	20	53146241	62912463	4105	0.0759	-0.0148	0.910973120855563	2
N07783	21	10913441	33548710	6918	0.0239	-0.0148	1.01403008143066	2
N07783	21	33552318	37557904	1476	-0.2608	-0.20845	1.07008135888209	2
N07783	21	37557933	48084820	4133	0.0167	-0.0148	1.0532088957012	2
N07783	22	16055171	51219006	11424	0.0132	-0.0148	1.05312097056459	2
N07783	23	152439	2644240	328	-0.7301	-0.671914675281855	1.72301559933906	1
N07783	23	2703391	10141500	2926	-2.2324	-2.44155	1.15621983213456	1
N07783	23	10141775	20688567	2936	-2.5701	-2.44155	1.04399433063718	1
N07783	23	20698064	154925045	30568	-2.313	-2.44155	1.05573194246286	1
N07783	24	2722506	28758193	347	-2.6386	-2.44155	1.13677076557493	1
